0.000626
0.414581
0.107404
0.827062
0.439750
0.326841
0.215616
1.131501
0.865351
0.686403
0.095646
0.979297
0.619802
0.360295
0.181199
0.007549
0.047927
0.226634
0.079681
0.090700
2.233794
0.295018
0.063396
0.002340
0.004476
0.237311
0.379284
0.423364
0.460355
0.467184
0.090901
0.543903
0.299636
0.217027
0.029365
0.467845
0.764664
0.811277
0.366863
0.179732
1.043627
0.648549
1.560656
1.299943
0.387562
0.076773
0.310023
0.134154
0.991119
0.117609
0.756283
0.927841
2.871608
4.047296
0.472730
0.249150
0.154768
0.176399
0.916741
0.012015
0.235695
0.048599
0.565370
0.028928
0.004414
1.255360
0.161404
0.159343
0.443255
0.587504
0.908880
0.648214
0.331735
0.114932
0.680774
0.315988
0.306208
1.489498
0.682145
0.057301
0.456957
0.243258
0.664027
0.469481
0.424790
0.224191
0.082175
0.127514
0.276826
0.811974
0.363979
2.302082
0.696254
0.211989
0.092551
0.535461
0.338536
0.032824
0.601585
0.351404
0.079789
1.493718
0.076328
1.177560
0.590278
0.180520
0.278049
0.036487
1.699791
0.574722
0.083165
1.048821
0.862089
0.436196
0.106195
0.097942
0.849665
0.322431
0.084537
0.350511
0.658416
0.260094
0.163960
0.420525
0.573231
0.704990
0.639915
0.322460
0.065636
0.229282
0.899940
0.017863
0.363884
0.543813
0.277756
0.055286
1.491302
1.271592
0.398751
0.212315
0.319069
0.234987
0.938594
0.190538
0.304494
0.158651
2.036409
0.176768
0.671979
0.418830
0.109072
0.716305
0.914550
0.253463
0.347475
1.104383
0.013925
2.613347
0.425004
0.025914
0.378925
0.107877
0.925893
0.492765
0.535907
0.110231
0.923081
0.065810
0.058226
0.679584
0.188487
1.415692
0.168493
0.204973
0.075564
0.660413
0.899755
0.615499
0.458443
0.687608
0.145660
0.078020
0.000809
0.031473
0.820562
0.957391
0.118227
0.061425
0.402832
0.007177
0.060391
0.303037
0.697607
0.579416
0.392021
0.038379
0.286989
0.112786
0.595724
0.171494
0.286962
0.132262
0.431219
0.380262
0.495347
0.087291
0.350726
1.648988
0.594971
1.293818
0.105328
0.204697
0.098220
2.667291
0.305730
3.111395
0.051297
0.490644
0.049575
0.287884
1.340581
0.024823
1.125089
0.171257
0.128933
0.732813
0.264425
0.112805
0.494526
0.463353
0.300387
0.314011
0.455437
0.503551
0.964797
0.882436
0.490115
0.638107
0.417070
0.235109
0.101836
0.669528
0.404988
1.177400
0.139108
0.104707
0.464086
0.599505
0.439272
0.216391
0.341065
0.041900
0.674972
0.473438
0.484293
0.587405
0.816171
0.080738
0.429054
1.011466
1.212701
0.476871
0.650395
0.022088
0.550972
1.876043
0.189177
0.421057
0.182516
0.095535
0.057455
1.016451
0.952651
0.681906
0.084139
0.197941
0.041337
0.039847
0.512189
0.857404
0.393829
0.297335
0.262951
0.177442
0.313268
0.347781
0.082823
0.195070
0.669703
0.188353
0.876323
1.598003
1.033157
0.645543
0.178379
1.441189
0.068043
0.033999
0.768481
0.371781
0.470340
1.563084
0.037506
1.042276
0.530455
0.194395
0.055354
0.351650
0.128795
0.171451
1.262742
0.400549
0.543541
0.060822
0.339167
0.238318
0.343395
0.788387
0.355923
0.240930
0.582636
0.379805
0.466059
0.251416
0.002954
0.615290
0.053025
0.487842
0.994788
0.338146
0.687850
0.343486
0.239105
0.769404
0.402388
0.220881
1.558584
0.498274
0.097144
0.234401
0.070567
0.679881
1.515366
0.473359
0.014114
0.200122
0.028767
0.509730
0.070567
0.938893
0.998709
0.454262
0.639421
0.961968
0.007394
0.067606
0.615342
0.480050
0.122673
0.034113
0.092515
0.489221
0.208503
0.192395
0.229089
0.540878
0.810737
0.822219
0.373840
0.472220
0.800192
1.154308
0.078216
0.497365
0.257431
0.146314
0.073404
0.966165
0.034227
0.279141
0.425897
0.179973
0.397093
0.127809
0.186511
0.058621
0.825230
0.072345
0.167212
0.775844
1.127994
0.779458
0.680893
0.477545
0.224024
0.971249
0.129704
0.996017
0.130318
0.143541
0.390886
2.094294
0.027653
0.042465
0.371877
0.278261
0.049727
0.149740
1.110674
0.132481
0.079234
0.066820
1.341473
0.041751
0.024117
0.030256
0.205042
1.230795
0.254249
0.283507
1.460919
0.907567
0.382028
0.922888
0.591323
0.253489
0.149987
0.002172
0.372841
1.548352
0.254326
0.137940
0.440412
0.147276
0.576024
1.452766
0.285907
1.104661
0.003599
1.414916
0.460087
0.771256
0.429811
0.076826
0.125725
0.241449
0.002141
0.270574
0.042914
0.539305
0.965849
0.033525
0.833163
0.542456
0.587998
0.811509
0.377657
0.578590
0.077022
0.584793
0.650787
0.751940
0.015780
1.015055
0.517144
0.613049
0.044663
0.401468
1.477342
0.030288
0.160772
0.078430
2.002630
0.483770
0.172829
1.278629
0.229065
0.592969
0.123356
0.084753
0.137578
0.368486
1.162823
0.056259
1.164700
0.291452
0.041751
0.761855
0.094243
1.832483
0.747769
1.021605
0.118266
0.304971
0.001880
0.694415
0.060546
0.259350
0.186356
2.454120
0.019670
0.145232
0.104914
0.142302
0.083327
0.484212
1.083034
1.399138
0.108863
0.756283
0.518605
0.534660
1.199253
0.303905
1.271010
0.545582
0.081708
0.505770
0.421446
0.274126
1.432545
0.388889
0.432051
0.384425
0.147378
0.252881
0.215592
0.018655
0.792986
0.109394
0.036438
0.246670
0.446711
0.036783
0.110117
0.084735
0.516886
0.302870
0.463546
0.597586
0.291069
0.576749
0.252527
0.903088
0.448504
0.111316
1.492508
1.043750
0.248548
2.189292
0.102473
1.130329
0.427186
0.291752
0.493542
0.616388
0.025448
0.168129
0.150688
0.261817
1.128431
0.619276
0.651798
1.131942
0.250080
0.253261
1.171010
0.184521
0.245596
0.422653
0.218135
0.661557
0.683940
0.666625
0.672448
0.075015
0.111679
0.159133
0.570406
1.210291
0.229306
0.364548
0.057918
1.189935
0.113494
0.364864
0.531867
0.288590
0.581804
0.047390
0.041453
0.039401
0.014098
0.219317
0.183528
0.597485
0.076969
0.251138
0.035127
0.563106
0.645377
0.110764
0.592120
0.478180
0.531956
0.392623
0.051737
0.394131
0.025448
1.836072
0.311842
1.752776
0.650731
0.378535
0.569595
0.590129
0.232697
0.246020
0.025625
0.829782
0.092900
0.031376
0.185935
0.767347
0.119427
0.194237
0.331469
0.004599
0.289787
0.354495
0.465632
0.710521
0.256309
0.215240
0.924630
1.426423
0.488166
2.954270
0.027475
0.413743
0.995905
0.244500
0.182934
0.167190
0.013533
0.474107
0.248121
0.009396
0.015765
0.304130
0.975740
1.380454
0.256997
0.649667
0.472848
0.826106
1.041417
0.436853
0.451958
0.041154
0.787944
0.310137
0.446561
0.445110
0.421057
0.846586
0.558515
0.210475
0.005138
0.155517
0.208943
0.132043
0.737059
0.232405
1.019607
0.062133
0.646543
0.495676
1.121914
0.101070
0.383471
1.161420
0.757254
1.679197
0.109926
1.159089
0.798306
1.533058
0.944613
1.105217
0.495388
0.102566
0.479771
0.153937
0.144274
0.658758
0.775844
0.093728
0.625688
0.327869
0.042498
0.821350
0.966692
0.066559
0.183705
0.425861
0.320254
0.717841
0.106516
0.650563
2.651713
0.007735
0.521541
0.588245
0.095664
0.037424
0.160772
0.564473
0.912937
0.406706
0.231993
0.755937
0.132322
0.508378
0.131765
0.114453
1.770884
0.165467
0.011577
0.733143
0.082337
0.024053
0.004645
0.214302
0.516243
0.210220
0.267699
0.269370
0.047524
0.393930
0.600772
0.206239
0.535773
1.044736
0.383373
0.422014
0.027750
0.313468
0.150544
0.278261
0.995123
0.333337
0.045748
0.417140
0.617909
0.753590
0.998371
0.950400
0.173368
0.998934
0.517702
0.686884
0.881990
0.725401
1.027526
1.194739
1.218252
0.369028
0.290060
0.056942
0.218489
0.865954
0.279061
0.093066
0.000427
0.535684
0.742621
0.032922
0.047054
0.243605
0.575831
0.824119
0.083670
0.077075
0.024839
0.212432
0.009365
1.918073
0.521541
0.027572
1.227585
0.507325
0.282566
0.010641
0.138926
0.248748
0.530675
0.761365
0.011546
0.874478
0.074501
0.502925
0.399700
2.051879
0.311273
0.120902
0.178837
0.761995
0.209685
0.327546
0.468273
0.054078
2.081383
0.704928
0.081779
0.304775
0.621756
3.341803
0.746953
0.513125
0.485379
1.460352
0.582636
0.171107
0.418689
0.171515
0.397296
0.623028
0.141471
0.395576
0.339257
1.518855
0.554059
0.724426
0.488247
0.295073
0.801631
0.684299
2.251387
0.114472
0.496417
1.202962
0.447382
1.252923
0.352144
0.336079
0.298665
1.100646
1.410028
0.101014
0.145150
0.113456
0.655577
1.416210
0.490521
0.021116
0.512699
0.017563
0.406362
0.393159
0.295596
0.031668
2.764821
0.068340
0.459283
0.025834
0.094852
0.539754
0.202062
0.189868
0.530058
0.264270
0.278874
0.125274
0.567407
0.091030
0.344123
0.354278
0.811587
0.285528
0.002263
0.207370
0.235720
0.068812
0.878176
0.660813
1.108849
0.515472
0.525760
0.361268
0.662073
0.668133
1.574337
0.313525
0.225698
0.059497
1.175154
0.860807
0.303289
0.057524
1.017968
0.716433
0.019955
0.269500
1.375412
0.035078
0.090079
0.118672
0.062168
0.447158
0.062981
0.481527
0.433864
0.586073
0.657562
1.236372
0.553920
0.177268
0.827381
0.237557
2.995229
0.740336
0.114338
0.093507
0.245721
0.099969
0.434919
0.108844
1.611226
0.105516
0.240411
0.181199
0.064384
0.110421
0.023669
0.737393
0.715730
1.064479
0.000886
0.297667
0.277889
0.808579
0.309343
0.341457
0.691913
0.136234
0.409814
0.048666
1.275685
1.121339
0.972528
0.030743
0.337546
0.499888
0.687608
0.705428
0.147686
1.203470
0.785075
0.111335
0.402423
0.026300
0.369252
0.781202
0.608957
0.012171
0.657904
0.403003
1.227941
1.041908
0.797102
0.182231
0.251214
0.328781
0.027008
0.527729
0.000427
0.731757
0.705678
0.124060
0.084067
0.029624
0.555262
0.016616
0.212222
0.598444
0.800117
0.286583
2.000958
0.504680
0.174989
0.324062
1.037149
0.041304
0.053228
0.077289
0.077164
1.250498
0.184609
0.234060
0.840567
0.023877
0.841551
0.137217
1.140828
0.148199
0.156915
0.116606
0.130278
0.935909
1.039096
1.093255
0.931465
0.469871
0.020877
0.095295
0.101518
0.219956
0.298249
0.102323
1.124366
0.487802
0.395206
1.213391
0.369699
0.655860
3.653067
1.742217
1.010313
0.916932
0.079306
0.234523
0.167297
0.093746
1.820122
0.677036
0.630457
0.015686
0.517874
0.837543
0.665758
0.852344
0.066559
0.634512
0.235060
0.524669
1.235107
1.102165
0.016348
0.742487
0.297889
0.003799
0.129783
0.271046
0.085151
1.256865
0.348270
0.139108
0.702186
1.185014
0.120067
0.016316
0.737393
0.129546
0.406638
0.820956
0.955325
0.201445
0.387099
2.401233
1.017618
0.520460
0.129210
0.837787
0.231847
0.228558
0.017800
0.411966
0.253641
0.063795
0.196470
1.146388
0.112500
1.408239
0.066803
0.946332
1.121914
0.294908
0.125587
0.503593
0.410576
0.489140
0.275527
0.008309
0.998034
0.075192
0.155580
0.172635
0.572320
0.412140
1.595029
0.467261
0.776132
0.274707
0.852931
0.672506
0.072962
0.363379
0.010143
0.003507
0.689786
0.203137
1.162043
0.310194
0.730308
0.025914
0.498439
0.012234
0.573520
1.738253
0.347016
0.612737
0.154581
0.863975
0.520114
0.454678
0.153004
0.929699
0.308155
0.689483
0.216627
0.007301
0.323654
0.492397
0.258658
0.241944
0.014004
0.170420
0.454224
1.076553
0.282969
1.340804
0.241424
0.380850
0.005061
1.829512
1.001981
0.287613
0.601381
0.202450
0.461084
0.345126
0.410056
0.019892
0.237581
0.132660
1.385060
0.981357
1.663652
0.469286
0.438501
0.039765
0.261302
0.182143
0.345156
0.041718
1.038852
0.181396
0.760526
1.350710
0.443885
0.121816
0.163770
0.411305
1.037392
0.143887
0.179339
0.649387
1.007215
0.131388
0.105799
0.296010
1.105217
0.427043
0.014601
2.673661
0.030532
0.482727
0.148486
0.093066
0.061719
0.131646
0.341488
1.607033
0.025272
0.041486
0.205986
0.164066
0.362370
0.337216
0.265748
1.293210
0.459475
0.172764
0.322896
0.256793
1.511274
0.397431
0.900679
0.790978
0.808887
0.449290
1.020429
0.191410
1.399890
0.155934
1.435230
0.634295
0.068270
0.745595
0.320168
0.096737
0.013518
0.021259
0.303289
0.991341
0.073156
0.007286
0.119621
0.853352
0.797779
0.756283
0.537201
0.177442
0.760316
1.272369
0.922985
0.138947
0.345339
0.011640
0.039368
0.015686
0.220193
0.628201
0.263649
0.099485
0.176855
0.100510
0.683042
0.072362
0.029997
0.372874
0.222259
0.821824
0.086474
1.150637
0.070672
0.014836
0.100100
0.852092
0.143317
0.422795
0.213015
0.388192
0.546673
1.023019
1.347989
1.452766
0.055576
0.083165
0.408189
0.805360
1.127557
0.037638
1.029077
0.864147
0.245746
0.397904
0.557305
0.299775
0.165212
1.492508
2.012783
0.651068
0.451694
0.158987
0.070760
0.110288
0.458787
0.334081
0.219506
0.130635
0.325464
0.588493
1.479691
0.556050
2.024894
0.135593
0.360326
0.134474
1.141576
0.331173
0.197601
0.385546
0.422902
0.205134
0.213974
0.092698
0.171365
0.123766
1.280799
0.672916
0.822535
0.525541
0.580292
0.157416
0.728078
0.033297
0.639641
0.979730
0.208943
0.022694
0.331113
0.010501
0.910669
0.481847
0.388889
0.463237
0.420455
0.751116
0.510873
0.596578
0.713436
1.012505
0.085984
0.275395
0.771970
0.010828
0.288454
0.021530
0.352916
0.156852
0.035356
0.140419
2.010225
0.353070
0.477942
0.036832
0.229041
1.556521
0.983316
0.205847
0.138463
0.170914
0.026155
2.460357
0.094649
0.035700
0.124314
0.178990
0.772900
0.524364
0.043696
0.152424
0.073368
0.122654
0.413429
0.098165
0.500220
0.056532
0.302311
0.711153
0.203091
0.029559
0.165998
0.592569
1.032795
0.419183
1.014358
0.042349
0.793359
3.999641
0.503927
0.482287
0.451657
0.449627
0.107991
1.928796
0.131666
0.021610
0.136595
0.147276
0.261122
0.792241
0.159050
1.151552
0.238564
0.650171
0.115643
0.027201
0.463893
0.218466
0.224119
0.551478
1.865747
0.126569
1.130622
0.213062
1.534370
0.546992
0.112614
0.165892
0.219601
0.379642
0.171946
0.124216
0.052465
0.056429
0.617803
0.928329
0.557165
0.855036
0.002892
0.337996
0.463970
1.369239
0.171687
0.465478
0.687005
1.035088
1.216511
0.886283
0.465594
0.181835
0.766781
0.081330
0.391119
0.584057
0.250962
2.495003
0.053755
0.265177
0.013910
0.581462
0.149802
0.092570
0.129803
0.104744
0.991008
0.720478
0.024390
0.330079
0.028896
1.625203
0.044412
0.416754
1.642425
0.426541
1.054573
0.262719
0.258044
0.266787
0.537245
0.866818
1.451930
0.166424
0.001115
0.478895
0.025352
0.533639
0.274047
1.544987
0.463122
0.112118
0.267542
0.208179
0.487923
0.826185
0.002432
0.055610
0.250785
0.162079
0.190471
0.869329
0.960403
0.186644
0.110117
0.415842
0.316562
2.661002
0.283910
0.229813
0.271309
0.242960
0.434264
1.050814
0.205801
0.249929
1.508461
0.355798
0.271151
0.468623
0.749747
0.043679
0.081959
0.116548
0.045698
0.190828
0.319155
0.495964
0.202313
0.041320
0.476634
0.077058
0.164745
0.871417
0.289079
2.593846
0.124843
0.056771
0.365942
0.153667
0.003691
0.429306
0.736061
0.056874
1.740231
0.230563
1.171645
0.368773
0.125941
0.180214
0.325493
0.185979
0.267568
0.723517
0.921344
0.246420
0.278847
0.643992
0.663855
0.047927
0.042631
0.699335
0.938594
0.507788
0.222855
0.322198
0.049575
0.268325
0.104349
0.210127
1.223161
0.130238
0.185758
0.083778
0.208920
0.100622
0.158924
0.115297
0.094649
0.204192
0.033835
0.348485
1.657734
0.828420
0.295706
1.220876
0.098778
0.328811
0.319416
0.600721
0.142911
1.379971
0.162480
0.178008
0.864233
0.856388
0.496994
0.792539
0.003614
0.151204
0.170914
1.528495
0.981140
0.364326
0.614663
0.147973
1.269462
0.337906
0.049104
0.874302
0.039897
0.166083
0.242142
0.515387
0.361897
0.282405
0.075831
1.843936
0.038774
0.002601
1.231332
0.265229
0.703929
0.103917
0.053636
0.275077
0.566506
0.374775
0.869242
0.907567
0.158379
0.346070
1.021840
0.080667
1.766687
0.386503
0.124666
0.034538
0.114472
0.110155
0.107158
0.111278
1.570793
0.450078
0.671219
0.174340
0.569452
0.771185
1.271204
1.318568
0.929993
0.149864
0.055712
0.031945
1.170534
0.080272
1.116333
0.222688
1.569735
0.240288
0.201331
0.576894
1.092576
0.239105
0.283937
0.561415
0.155372
0.329695
0.375227
0.809888
0.790236
0.685861
0.333427
0.879503
0.409398
0.163410
0.213226
0.027830
1.210978
0.719640
0.229813
0.165913
0.118652
0.196199
0.025721
1.066922
0.143053
0.258607
0.078252
1.040805
0.468389
0.765439
0.109603
0.300470
0.717265
0.283991
0.505938
0.816250
0.095849
0.194800
1.651056
0.617909
0.110041
0.993451
0.024230
0.679762
0.018354
0.070110
0.042980
0.402252
0.420773
0.380719
0.123512
0.040161
0.181638
0.033313
0.264892
0.071763
0.144966
0.859188
0.355426
0.156476
2.209146
1.241645
0.064905
0.167340
0.613725
0.318318
0.174600
0.211290
0.372327
0.833324
0.364105
0.034849
0.883685
0.404166
0.054707
0.356234
1.465761
0.642059
0.321153
0.300109
1.255924
0.397972
0.227283
1.078660
0.538991
0.065357
0.354030
0.059634
0.164109
0.395341
0.783390
0.230369
0.976385
0.681966
0.311671
0.222878
0.291780
0.440854
0.238244
0.499888
0.407775
0.329459
0.905976
0.102716
0.004876
0.057849
0.020734
0.125372
0.147829
0.264063
0.614820
0.292355
0.071393
0.392690
0.971675
0.821587
0.123122
1.287366
0.187976
0.077289
0.466795
0.005169
1.556864
0.385282
0.244600
0.006234
0.135293
1.084500
0.448803
0.082787
0.008340
0.383077
1.242743
0.528826
0.127100
0.260068
1.688047
0.051060
0.255062
0.352730
0.204215
0.199053
0.490969
0.144355
0.171214
0.381275
1.144729
0.325113
0.198872
0.561321
0.308409
0.437036
0.266163
1.277449
0.064471
0.546400
0.080487
0.142099
0.059153
0.053806
0.584793
0.875620
0.337396
0.302339
0.529838
0.271072
0.510704
0.052245
0.887722
0.229934
1.051689
0.367021
1.638771
0.251012
0.646766
0.497943
0.234303
0.839420
0.957184
0.033036
0.680476
0.225004
0.134334
0.854530
0.765580
0.160057
0.414162
0.096015
0.066332
0.707559
0.267048
0.163855
0.093746
0.392857
0.138041
0.191813
0.127494
0.536531
0.599353
0.554706
0.515472
0.028831
0.199872
1.520768
0.193338
0.183815
0.088947
0.229862
0.161784
1.623630
0.134733
0.151101
0.490196
0.705365
0.437109
0.158044
0.622657
0.206170
0.626115
0.010906
0.602908
0.498067
0.067553
0.636252
0.239745
0.371108
0.998034
0.448167
0.341760
0.015639
0.557026
0.403140
0.215076
0.425004
0.722545
0.011453
0.000321
0.395879
0.689301
0.165807
0.790014
0.901604
0.643329
0.175813
0.386801
0.260094
0.053670
0.246645
0.050858
0.551616
0.088273
0.587108
0.555494
0.670694
1.095706
0.706492
0.421411
0.153896
0.059084
0.155392
0.661099
1.896617
0.334617
0.120979
0.807734
0.474540
0.214255
0.329489
3.252678
0.233938
1.478222
0.124627
0.497489
0.428659
0.078644
1.328909
0.306180
0.514063
0.024935
0.533195
0.678161
0.052668
0.525978
0.111316
0.133516
0.658644
2.604896
0.701440
1.118901
0.396655
1.111801
1.015752
0.478498
0.636306
0.656654
0.082391
0.705741
0.082895
0.259376
0.476594
0.630780
0.885924
1.085971
0.032922
0.251063
0.462698
0.334796
0.300164
0.717329
0.432304
0.204536
0.437402
0.223403
0.692644
0.042482
0.050267
2.916414
0.022742
0.252653
0.057250
0.268038
0.284503
0.157165
0.301669
0.127435
0.151452
0.513253
1.117901
1.055832
0.298304
0.265255
0.132024
1.667921
0.672330
0.209059
0.641949
0.462390
0.485701
1.123210
0.573616
0.134354
0.057592
0.379284
0.628522
0.419606
0.007611
0.357605
0.306659
1.767733
1.102027
0.605975
0.141066
0.054656
0.155080
0.313953
0.466679
0.025159
0.244028
0.062012
3.151416
0.673385
0.020845
0.002202
0.570120
1.566574
0.613153
0.694905
0.076044
0.567027
0.474343
0.543813
1.865110
0.036881
1.189770
0.987807
0.495101
1.099131
0.428012
0.082553
1.144427
0.426541
0.152548
0.096478
0.490806
0.898833
0.554753
0.978217
0.297584
2.036409
0.539575
0.616807
0.029997
0.846337
0.687005
1.827738
0.901975
0.188531
0.062583
0.115028
0.172506
1.476172
0.924146
0.143683
0.121621
1.005616
0.281842
0.115163
1.320705
0.699829
0.247145
0.234791
0.408189
0.498108
1.415692
0.666394
0.665989
0.246095
0.399462
1.961643
0.494403
0.198508
0.281091
0.493542
0.594820
0.336797
0.551892
0.156226
0.055320
0.033705
0.075281
0.302534
0.099392
0.519942
0.971675
0.154685
0.850752
0.490277
1.243293
0.053942
0.146641
0.343728
0.603877
0.608906
0.058038
0.232600
0.328693
1.622454
0.052041
0.303037
0.048902
0.367753
0.197239
0.781566
0.869069
0.669353
0.415001
0.026557
0.103729
2.348367
0.278608
0.515601
0.639038
1.155076
0.925601
1.234566
0.329843
0.326783
0.650059
0.708817
0.242216
0.682504
0.160099
0.225411
0.015859
0.863717
0.709195
0.285177
0.126982
0.043030
0.154436
0.491336
0.728929
0.197375
0.146989
0.331765
0.696930
0.412697
0.213787
0.595874
1.707621
0.256819
0.159196
1.098582
0.448691
0.466485
0.213366
0.808272
0.885296
0.843691
0.275315
0.042382
0.500386
2.024019
0.583468
0.345857
0.101836
0.418830
0.136154
0.990234
0.170484
2.281183
0.857235
0.257508
0.194102
0.254300
0.535862
1.335924
1.171010
0.162649
0.721252
0.372970
1.521088
1.244579
0.514233
0.024550
0.152962
0.170291
0.786250
0.149246
0.169156
0.216862
1.229009
0.853183
0.139450
0.194417
0.130575
1.624416
0.140844
1.355967
0.851840
0.054571
0.430496
0.128973
0.235768
0.106233
0.773473
1.135182
0.184984
0.027846
0.697238
0.635218
0.408776
0.396958
0.229910
0.057935
0.035684
0.741679
0.013816
0.192934
0.184322
0.078305
0.373195
0.198168
0.674913
0.456272
0.433211
1.300971
0.540069
0.618592
0.435284
0.037243
0.174600
0.007363
0.739598
2.983180
0.433211
0.182099
0.322285
0.072486
0.362433
0.103654
0.398784
0.236796
0.357636
0.565559
0.642335
0.614924
0.478299
0.065827
1.572916
0.655860
0.029009
0.129348
0.345400
0.071745
1.823623
0.305027
0.767701
0.473674
0.745189
0.474146
0.914360
0.170377
3.119147
0.974667
0.206101
0.085568
0.056976
1.647339
1.928074
0.439015
0.060426
0.035471
0.200943
0.253945
0.281815
0.662935
0.816250
0.454035
1.052314
0.414686
1.189441
0.115278
0.130179
0.098685
0.289379
0.193113
0.122166
0.900125
0.765509
0.969443
0.253793
0.292765
1.485612
0.024438
0.776565
0.178771
0.366450
0.124843
0.552352
0.171021
0.094649
1.028719
0.319647
0.925116
1.213910
0.440081
0.086764
0.295321
0.572895
0.851421
2.010225
1.682718
0.361237
0.046049
0.026027
0.430027
0.992117
0.449065
0.462352
0.434373
0.166338
0.777070
0.244824
1.066922
0.063656
1.720316
0.029738
0.270679
0.210684
0.222021
0.000993
0.190672
0.118846
0.761295
0.337426
0.031538
1.099131
0.253413
0.420349
0.294605
0.613049
0.420313
0.439860
0.465981
0.108787
0.235182
0.748110
1.181273
0.415386
0.835916
0.801934
1.480575
0.735197
0.109774
0.497117
0.360703
0.926768
0.871853
0.653148
0.586615
0.482127
0.252527
1.053442
2.031061
0.380589
0.145844
0.458214
0.570932
0.511934
1.504734
0.413045
0.158253
0.356857
0.113226
1.043627
0.093084
0.080684
0.640244
0.588047
0.406879
0.486629
2.821793
4.852015
0.455892
0.360703
0.372423
0.023381
0.893794
1.115907
0.400481
0.148527
0.002678
1.353674
0.850501
0.052584
0.070110
0.963747
0.240313
0.718419
0.033737
0.197669
0.008154
0.039038
0.230878
0.003138
0.130754
0.427366
0.686102
0.219009
0.289379
0.060942
0.877205
0.251063
0.192732
1.361280
0.454603
0.415491
1.030633
0.439456
0.134853
0.194012
0.133337
0.492806
0.532708
0.536219
0.714454
0.346192
0.358198
0.096515
0.272255
0.318376
2.079426
1.090274
0.011203
0.038049
0.048582
0.246645
0.190761
1.346183
0.892883
0.426076
0.340793
0.251012
1.261219
0.369028
0.059737
0.986488
0.270574
0.698841
2.727767
0.129922
0.015324
0.313068
0.062998
0.219601
0.207948
1.440916
0.010314
1.425894
0.759828
0.749542
0.748655
0.694599
0.476120
0.022519
0.027137
0.403755
0.598141
0.072697
0.168728
0.657335
0.200305
0.213623
0.356452
1.212183
1.446944
1.294834
0.987807
0.422227
1.404427
0.588443
0.183110
2.350042
0.276799
1.409260
0.464047
0.337696
0.090536
0.644767
0.025095
0.195386
0.349343
0.123962
0.007781
0.085640
0.384787
0.178946
0.944210
0.394769
0.214888
0.000611
0.061943
0.168279
0.397668
0.000397
0.725531
0.039732
1.247900
0.820090
0.117069
0.241944
0.297004
0.745866
1.036057
1.233306
0.386834
0.516715
0.143744
0.474540
0.515686
0.625581
1.536344
0.422298
0.078394
0.213343
0.977462
0.753177
0.675266
1.422470
0.821035
0.057592
0.062877
0.012860
1.428543
0.290196
0.113341
0.507367
0.110136
0.201833
0.714964
0.523450
1.539650
0.083598
0.502716
0.097794
0.274813
0.040012
0.250861
0.705365
0.728470
0.890884
0.588839
0.261276
0.345065
0.512104
0.043613
0.167126
0.100641
0.131746
0.485419
0.016616
1.932421
0.203023
1.982119
0.374775
0.028654
0.423435
0.267412
0.077628
0.253641
0.082751
0.179973
0.123317
0.026912
0.154124
0.453543
0.968807
0.203275
0.437329
1.279417
0.665816
0.012969
0.778299
0.504848
0.042083
0.054673
0.372102
0.457566
0.285961
0.010408
0.550100
1.926633
0.272649
0.039352
0.210011
0.859784
0.057199
1.169583
0.441001
0.619592
0.103466
0.476555
0.021849
0.162206
0.411618
0.477942
0.500968
0.911896
0.396452
0.517960
0.423542
1.598003
0.196832
0.026268
0.537111
0.114836
0.787280
0.933336
0.139168
1.063582
0.335064
0.413917
0.725922
0.010548
0.660127
0.309910
0.171343
0.278474
0.524277
0.047071
1.284968
0.012687
0.121290
0.697300
0.387397
0.197148
0.001819
1.210634
0.607310
0.158274
0.737059
0.025400
0.118517
0.141411
0.396115
0.013001
0.077681
0.385645
0.241103
0.304831
0.939193
0.010797
0.264270
0.084464
0.673151
0.223928
0.238933
0.086891
0.223188
0.341729
0.189222
0.234669
0.403037
0.599353
0.307110
0.232138
0.117493
2.734962
0.084302
0.225842
0.302618
0.118672
0.876059
1.137700
0.606436
0.283830
0.610611
0.169305
0.328045
0.096793
0.317627
0.197148
0.272939
0.010860
0.300164
0.178422
0.202016
0.009567
0.401400
0.936703
0.732152
0.492969
0.398446
0.560478
1.889219
0.323829
1.318995
0.584990
0.528299
0.673914
1.179333
0.402184
0.250861
0.240041
0.793732
0.108010
0.162712
0.038659
0.242687
0.200373
0.287206
0.036225
0.305589
0.345217
0.040608
0.774693
0.076204
0.532797
0.852763
0.273018
0.124823
0.971675
0.721058
0.200555
0.040575
0.031295
0.128795
0.359386
0.269213
0.433646
0.344670
1.254984
0.277224
0.121251
0.416052
1.206528
0.388723
0.462006
0.111183
0.498894
0.300554
0.817970
0.185183
0.427868
0.374065
0.564001
1.676136
0.071094
0.172872
0.018449
0.001727
0.254300
0.075476
0.099895
0.487802
0.010112
1.194406
0.720542
1.008934
0.227042
0.342546
0.424148
0.262152
0.797929
0.092001
0.140096
0.384623
0.203389
0.610404
0.291862
0.717072
0.318607
0.028088
0.366164
1.316441
0.301976
0.514617
0.121972
0.149576
0.746341
2.943159
0.266631
0.127454
0.106120
0.928525
0.313839
0.535016
0.008185
0.199053
0.091304
2.410614
3.379796
0.369156
0.952651
0.038873
0.396925
1.006758
0.583664
0.266007
0.451017
0.626488
0.579951
0.171300
1.012274
0.486508
0.285690
0.529750
1.031953
0.399802
0.071393
0.091341
0.208457
0.497571
1.226343
0.216462
0.292793
0.521888
0.007518
0.115643
0.394702
1.193575
0.837706
0.129368
0.769760
0.498067
0.150606
0.125686
0.143195
0.383603
0.701130
0.876588
0.019590
0.745256
1.706230
0.076150
0.000641
0.998259
0.558562
0.236674
0.262616
0.749747
0.050604
1.328039
0.224024
0.939292
0.861661
0.762135
0.115105
0.523537
0.772399
0.516243
0.677450
0.344639
0.254046
0.659613
0.349190
0.671687
0.175987
0.465129
1.082501
0.319242
0.808272
1.445293
0.273176
1.034726
0.423400
0.607412
1.579699
0.740403
0.354030
0.369475
0.020782
0.496170
0.283238
0.850919
0.159805
0.439198
0.428731
0.297474
1.373029
0.646543
0.252704
0.233159
0.516329
0.130972
0.751391
0.108256
0.203206
0.394366
0.061442
0.005539
0.213436
0.145476
0.214583
0.310109
1.162199
0.757393
0.292272
0.251340
0.652866
0.483489
0.231823
0.022311
0.085007
0.109869
0.066384
0.071147
0.274337
0.031181
0.740671
0.835997
0.343789
0.384853
0.062185
0.879414
0.109812
0.365466
1.611226
0.898097
1.019021
0.377592
0.375066
0.148096
0.283453
0.665931
0.036668
0.467922
0.024951
0.022487
0.099932
0.550330
0.120707
1.608173
0.954398
0.277942
0.397871
0.216203
0.832598
0.116606
0.029592
0.743971
0.089768
1.007902
0.086946
0.370755
1.040928
0.322256
0.146253
0.029317
0.059686
0.257048
0.056088
1.534698
4.649282
0.105592
0.930483
0.032254
0.797252
0.075493
0.896353
2.848348
0.021912
0.000809
0.123493
0.494526
0.592070
0.581707
0.270076
0.677805
0.773401
0.262332
0.204467
0.352792
0.538409
0.073669
0.457033
1.191586
0.147850
0.835916
0.423435
0.861661
0.407361
0.099764
0.295155
0.976492
0.532841
0.590875
0.106762
0.529178
0.361111
0.215146
0.504890
0.694232
1.407984
1.209262
0.301948
0.674972
0.800646
0.235157
0.229330
0.813913
0.002233
0.069093
0.192507
0.191544
0.194485
0.567787
1.140828
0.589484
0.346040
0.228824
0.842044
0.035897
0.741410
2.085320
0.598090
0.034881
0.160183
0.564048
2.416328
0.117802
0.227523
0.029819
0.137679
0.111278
0.291315
1.402153
0.383176
0.594820
0.125352
0.420419
0.265748
0.692034
0.036668
0.798682
1.913147
0.403106
0.234279
0.041221
0.393226
0.542411
0.349098
0.602704
0.403276
0.206677
0.251113
0.085930
0.039880
0.102941
0.172290
0.042914
0.548041
0.631050
0.524626
0.480648
0.916837
0.009443
0.739197
0.543179
2.231141
0.094225
0.097571
1.053944
1.733341
0.427796
0.143643
1.027407
0.103373
0.903925
0.106611
0.304971
0.284395
0.240881
0.852176
0.257635
0.154394
0.298027
0.120377
0.430424
0.114242
0.458290
0.803911
1.080908
0.390519
0.288916
0.863975
1.219650
0.016253
0.545809
0.837054
0.580780
0.139027
0.069198
0.017500
0.295817
0.989681
0.029252
0.309626
0.921344
0.648884
0.037046
0.185183
0.308862
1.007673
0.111660
0.532708
0.050604
0.203023
0.347995
0.097979
0.524756
0.057113
0.323887
0.395879
0.046786
0.966903
1.275489
0.341337
0.222140
0.858338
0.234157
0.052957
0.525891
0.503008
0.829301
0.191880
1.460069
0.194395
0.699026
0.166275
0.129012
0.168514
0.295761
0.269160
0.159175
0.399870
0.139672
1.060010
0.285312
0.024053
1.051314
0.247570
0.188954
0.125274
0.723128
1.389217
0.658473
0.686403
2.525035
0.285312
1.161420
0.477982
0.090956
0.884669
0.126039
0.260171
0.664892
0.622498
0.435174
2.159767
0.001146
1.461203
0.435393
0.306772
0.280422
0.221760
0.463546
0.456728
0.274495
0.006775
0.054435
0.459475
0.138302
0.059204
0.021243
0.243382
0.107310
0.016884
1.062559
0.152486
0.718419
0.418160
0.010267
0.133516
0.921344
0.947041
0.054809
0.611128
0.620383
0.027008
0.045865
1.144879
1.297893
0.208040
0.333456
0.682265
0.732614
0.074005
0.600519
0.378958
0.278474
0.133237
0.849999
0.051415
0.385480
0.708817
0.891338
0.933830
0.159826
0.399293
0.502341
0.221213
0.481287
1.764081
0.641509
1.149419
1.982119
0.549093
0.012875
0.444033
0.860039
0.203779
0.658872
0.354247
0.275606
0.005339
0.408120
0.399598
0.342698
1.219825
0.201582
0.160183
0.653599
0.235451
0.196199
0.393796
2.353409
1.156924
0.122829
0.146928
0.176986
0.988909
0.065010
1.104800
0.132004
1.073932
0.398886
0.137518
1.469784
0.292491
0.694232
0.008154
0.282969
0.617331
0.187753
0.553043
0.099373
0.086238
0.290605
0.104650
1.278629
3.262988
0.825787
0.086837
0.436963
1.321348
0.258402
0.973810
0.057884
0.157772
0.152776
0.556700
0.207878
3.001364
0.352885
0.492888
0.406603
0.597586
0.424897
0.172872
1.075765
2.948684
0.038082
0.968277
0.106762
0.329400
0.086855
0.518175
0.538006
0.512742
0.836322
1.056210
0.512316
1.004022
1.685375
1.300354
0.010766
0.020639
0.997810
0.966271
0.571171
0.695763
0.414232
0.412105
0.146846
0.515729
1.942716
0.136856
0.872377
1.635143
0.250458
0.343425
0.629059
0.815859
0.855543
1.064607
0.015340
0.062894
0.070813
0.054997
0.055695
1.813768
0.239524
0.685560
0.373453
0.076364
0.094557
0.632832
0.986708
0.360201
0.396115
0.154186
0.746409
0.242538
0.139814
0.793657
0.565228
0.076346
0.724881
0.182956
0.402764
0.241053
0.080272
0.605206
0.081115
2.706785
0.932548
0.738996
0.084898
0.134274
0.487316
0.064107
0.394904
0.196289
1.083034
0.862174
0.660813
0.470418
0.198758
0.045498
0.599708
0.822614
0.196628
0.638162
0.679762
0.228896
1.645286
0.526984
0.012766
0.336827
0.063431
0.187309
0.384195
0.858848
0.347230
0.088200
0.559075
0.221522
0.019717
0.060787
0.031798
0.470927
0.404166
0.095867
0.777431
0.368709
0.051162
0.022168
0.600721
0.117589
0.996241
2.309762
1.217555
0.018671
0.053551
0.716049
0.122186
0.027733
1.195572
0.838440
0.343910
0.210568
0.198123
0.522538
0.955325
0.173886
0.521455
0.384623
0.404440
0.204146
0.192238
0.256487
0.366196
0.095461
0.240288
0.083363
0.274707
0.024021
0.852763
0.147337
0.076542
0.018956
0.676033
0.782587
0.541960
1.826559
0.833809
0.890975
0.057952
1.542646
0.807350
0.231338
0.037983
0.006512
0.613881
0.472338
0.979622
1.872803
0.190515
1.118901
0.930287
0.013816
0.506862
0.015717
0.437365
0.007441
0.047054
0.216015
0.852511
0.020130
1.067438
0.116259
0.031327
0.211429
0.302953
0.150008
1.091491
0.024214
0.272676
0.167212
0.478101
0.663164
1.111378
0.857065
0.360483
0.312783
0.467806
0.259119
0.109850
0.110707
0.729454
0.609732
0.233962
0.105460
1.827738
0.184388
0.443514
0.236968
0.109053
0.313353
0.067833
0.174362
0.082463
0.406638
0.666220
0.389221
0.014020
0.423008
0.186223
0.208110
1.302414
0.236552
0.118672
0.122459
1.646517
0.033068
0.224095
0.195206
0.263081
0.074040
0.775052
0.296313
0.779893
0.947752
0.703492
0.134753
0.210173
0.294302
0.081869
0.542953
0.689423
0.462929
0.165360
0.152714
0.372263
1.002660
0.654502
0.105384
0.008541
0.184300
0.286339
0.450867
0.220810
0.160120
0.529838
0.239943
0.198985
0.265255
1.400141
1.008819
0.369955
0.876411
0.894980
0.226826
0.610973
0.476080
0.240930
0.133377
0.776709
0.407982
0.092845
0.278022
0.196990
0.162353
2.826123
0.027459
1.313266
0.461621
1.081704
0.006682
0.356109
0.308070
0.395677
0.114683
0.741343
0.023605
1.966294
0.224143
0.894980
0.431363
0.217168
0.016379
0.248322
0.250231
0.848082
0.693926
0.228534
0.584449
0.281547
1.197074
0.243382
0.555494
0.864061
0.241424
0.019924
0.258940
0.728078
0.280316
0.191499
0.077752
0.197148
1.093798
0.065914
0.272965
0.617174
0.128105
0.153958
0.554336
0.358479
0.297917
0.959258
0.576411
0.333367
0.264607
0.335482
0.550009
0.350049
0.409987
0.086220
0.095129
0.969018
0.512274
0.137659
0.625474
0.421907
0.256334
0.377852
0.184918
1.017734
0.831470
0.579368
0.736327
0.306040
0.938694
0.004429
2.382983
0.733805
0.228221
1.556521
0.014553
0.943202
0.047960
0.175661
0.149205
0.004660
0.144763
0.192821
0.240189
1.404427
1.170375
2.676876
0.422156
0.252274
0.316016
0.338866
0.370115
0.083381
0.353225
1.795727
0.641454
0.224597
0.159889
0.026799
0.554984
1.716048
0.042017
0.936504
0.238662
0.220477
2.403095
3.103761
1.212701
1.029077
1.116761
0.459360
0.132739
0.230127
0.306377
0.273624
0.097775
0.301418
0.026043
0.195747
0.781129
0.421978
0.044229
0.185006
0.919037
0.453316
1.065635
0.036159
0.761645
0.043563
0.401059
0.315959
1.384573
0.867250
1.363608
0.942498
0.110630
1.058486
0.066053
0.430424
0.007100
0.686945
0.474580
0.668423
1.495841
0.792614
0.448204
0.223761
0.461583
0.526590
0.276454
0.065201
0.081546
0.565701
0.914455
1.113920
0.189957
0.112442
0.995234
0.029835
0.015261
0.531425
0.016821
0.009116
0.423685
0.160478
1.210291
0.708817
0.315643
0.376716
0.290196
1.200093
1.391926
1.242560
0.091982
0.115663
0.083742
0.177529
1.019842
0.667610
0.058346
0.276640
0.465594
1.147447
0.233816
0.804139
0.671278
0.320081
0.350111
0.404474
1.470361
0.608339
0.269344
0.323741
0.720607
0.845509
0.326489
0.953061
0.552260
0.947447
0.476396
0.162459
0.161278
0.138242
0.106497
0.056874
0.498067
0.020941
3.481595
0.558189
0.090334
0.099131
0.030661
1.451930
0.200943
0.593919
0.444033
0.803682
0.294632
0.188353
0.999159
0.369507
0.764734
0.182187
0.176138
0.659670
0.293286
0.003445
0.321356
0.227547
0.011047
1.328909
0.316965
1.049070
0.484293
0.957184
0.104951
0.197669
0.130417
0.816328
0.022008
0.336199
0.003829
0.216227
0.630565
0.545718
0.339227
0.042498
0.200966
0.193293
0.162417
0.618486
0.726705
0.145354
0.098462
0.588988
0.283991
0.244525
0.282808
0.732218
0.160352
1.206357
1.421421
0.204422
0.158819
0.995234
0.064523
0.026751
0.144701
0.990344
0.215240
0.448391
0.144803
0.055218
0.437036
1.434154
0.146335
0.189801
0.075387
0.087836
0.390986
0.775700
0.117821
2.126496
0.329430
0.095110
0.050773
0.127140
2.556987
0.101836
0.677332
0.185227
0.352020
0.983098
0.405332
1.368060
0.549825
0.400583
0.042116
0.099988
0.463816
0.166700
0.380295
0.015167
2.696615
0.530190
0.659613
0.569834
0.691426
1.231690
0.325406
0.419712
0.423115
0.262178
1.036178
0.345217
0.107442
2.706785
0.533816
0.791201
0.402901
0.527510
0.022407
1.015636
0.599961
1.019724
0.079163
0.068620
0.610611
0.019257
0.306941
0.473831
0.240609
0.291643
0.322605
0.161046
0.027073
0.027782
1.557552
0.190515
0.103748
0.708062
1.017851
0.315098
0.093507
0.092111
0.407361
0.505770
2.095301
0.619908
0.071464
0.871940
0.048212
0.051111
0.545400
0.631535
0.172786
1.047332
0.083850
0.934720
0.928329
0.112366
1.021840
0.691061
0.487842
0.316763
0.016316
0.008697
0.467028
0.002110
0.260608
0.510661
0.307590
0.273018
0.888443
0.406087
0.348270
0.908411
0.113379
0.851924
0.946737
0.447121
1.603628
0.157876
2.901029
0.470262
0.440007
0.085260
0.496705
0.052075
0.096385
0.399123
1.464332
0.603877
0.442811
0.013079
0.159637
0.754693
0.119504
0.322663
0.142870
2.064988
1.127994
0.314440
0.225052
0.721510
0.018734
0.031782
0.070180
1.685375
0.264607
0.340733
0.578833
0.105988
0.642390
0.479851
0.031750
0.030564
0.295569
0.367785
1.628362
0.017974
1.627175
0.133257
0.166381
1.908269
0.386206
1.199085
0.101986
0.033852
0.101182
0.256564
1.816646
0.146580
1.102303
0.519942
0.457718
1.303447
0.191029
0.679347
0.015891
1.077605
0.287694
0.079109
0.177529
0.211989
0.092460
1.062814
0.331913
0.051551
0.390986
0.095406
0.293533
0.314268
0.273229
0.274733
0.376976
0.146355
0.182846
1.131942
0.060942
0.181704
0.154893
0.040244
0.102061
0.972528
0.359637
0.030451
0.758852
0.199713
0.538991
1.106332
0.435977
0.611180
0.108427
0.169584
0.255265
0.093894
0.109603
0.470575
1.033639
0.086274
0.871940
0.358011
0.075511
0.303093
0.482367
0.094409
0.730637
0.379251
0.071129
0.362055
0.651573
0.700572
1.414916
0.190694
0.586714
0.478736
0.393092
0.478498
0.273809
0.562495
0.115394
0.197194
0.419712
0.195409
0.145068
0.310137
0.465865
0.033950
0.998371
1.076684
0.136194
0.303429
1.161108
1.617002
0.009505
0.209384
0.748178
0.035798
0.333992
0.453241
1.225457
0.197624
0.452901
1.505973
0.922308
0.313325
0.613361
0.073227
0.272360
0.150358
1.445018
1.478809
0.147686
0.256895
0.100118
0.266553
0.895072
0.140804
0.291178
0.615238
0.242291
0.188020
3.222967
2.028409
0.018750
1.951712
1.553783
0.700572
0.157061
0.132163
0.436013
0.006373
0.113322
1.268496
0.107783
0.628683
0.714582
0.254706
0.962595
0.812981
0.131785
1.666209
0.565701
0.265748
0.153294
0.001085
0.010143
0.281922
0.856557
0.139894
0.204490
0.029851
0.067187
0.020559
1.901382
0.365244
0.081205
0.030110
0.656540
0.451506
0.501175
0.186444
0.217710
0.068725
0.117146
1.267340
1.181273
0.080613
0.516672
0.372359
0.087473
0.767418
0.650675
0.663509
0.966587
0.476159
0.924243
0.390919
0.046066
0.476317
0.691365
0.050452
0.490481
0.221189
0.477149
0.668888
0.261328
0.483449
0.851003
0.631697
0.017152
0.026590
0.405915
0.333664
0.354495
0.037095
0.798607
1.944950
0.010470
0.500968
0.454148
0.762275
0.030743
0.014396
0.187620
0.467533
0.482327
0.239918
0.711469
1.738253
0.794030
2.007681
0.843361
0.317857
0.401434
0.069128
0.381210
0.470301
1.285168
0.491826
0.159259
0.354991
0.305758
0.449740
1.079056
0.318780
0.087164
0.695763
0.337096
0.762135
0.662705
0.887992
1.053317
0.511637
0.248498
0.153709
0.024438
0.525061
0.007719
0.862431
1.386768
0.713245
1.605895
0.203252
1.008360
0.035110
0.153999
0.097293
0.635653
0.248774
0.422191
0.535862
0.258812
0.007456
0.349036
1.723181
0.484655
0.354867
0.883417
0.977677
0.313268
0.022886
0.080236
0.580828
1.177239
0.053381
0.257814
0.002172
0.523929
1.628758
3.111395
0.197307
0.306687
1.287166
0.812283
0.145028
0.264866
0.483610
0.855796
0.440707
0.091652
0.216603
0.796201
0.478498
0.706931
0.952651
0.428084
0.115990
1.282185
0.232551
0.291124
1.001189
0.407326
0.361300
0.157855
0.279087
0.143439
0.596679
0.685019
0.387894
0.337636
0.557165
0.278022
0.416297
0.408707
0.000595
1.547340
0.051466
0.471162
1.101336
0.096830
0.641014
0.014192
0.168770
0.306603
0.101687
0.379968
0.544311
2.231141
0.486105
0.056139
0.229789
0.199417
0.012140
0.147706
1.753793
0.008029
0.410334
0.511170
0.337546
0.326519
1.442007
0.461007
1.428012
0.034522
0.337876
0.497324
0.032873
0.299109
0.008014
0.166062
0.555633
0.113150
0.133696
0.468117
0.373292
0.850919
0.874302
0.443774
0.068550
1.624809
0.818049
0.512529
0.203962
0.130892
0.230950
0.615656
0.124941
0.114414
1.026812
1.642018
0.040873
0.035684
0.037539
0.552767
1.691181
0.446785
0.206354
0.125980
0.625634
0.656938
1.337693
1.166900
0.778950
0.558003
0.026236
0.231314
1.335262
0.390953
0.773401
0.288780
1.538325
0.482047
0.499598
0.084338
0.510661
0.171515
0.633752
0.631211
0.057609
0.414197
0.283641
0.148856
0.440817
0.243332
0.410993
0.016837
1.696148
0.430244
0.484775
0.021196
0.044896
0.518648
0.398920
0.461660
0.053721
0.154415
0.240831
1.365009
1.115765
0.614455
0.049339
0.146314
1.060518
2.437858
0.148527
0.282539
0.100958
0.030986
0.549047
0.677095
0.352144
0.645821
0.451055
0.641344
0.555077
0.612789
0.873251
0.590477
0.110707
0.356794
0.072609
1.479103
0.932252
0.296645
0.222545
0.092625
0.342788
0.420349
0.635381
0.039913
0.203733
0.787796
0.404303
0.981792
0.565796
0.010096
0.062496
0.264063
0.251088
0.343364
0.448541
1.141726
0.188977
0.130417
2.207881
0.622233
0.368072
0.629381
0.034309
0.180608
1.489798
0.759061
1.594659
1.611993
0.103992
0.798080
0.495142
0.023349
1.110674
0.038132
0.901789
0.651236
0.621069
0.580049
0.709132
0.672096
0.080129
0.394433
1.339690
0.103485
0.135793
1.661107
0.532221
1.577905
0.318693
0.369156
0.374420
0.664200
0.974346
0.350726
0.152134
0.095830
0.383570
0.579854
0.299136
0.145170
0.922598
0.717137
0.261817
0.201902
0.136114
0.098611
0.766003
1.889887
0.003968
0.571219
0.038609
0.015938
0.066855
0.192440
0.598545
0.007007
0.114971
0.131507
0.794180
0.213670
1.417508
1.544317
0.260762
0.306715
1.337914
0.418724
0.095960
0.159952
0.183308
0.281198
0.143480
0.083472
0.034472
0.839829
0.375195
0.768552
0.365213
0.105460
1.153234
0.035274
0.676623
0.322925
0.532885
0.378860
0.320457
3.111395
0.597989
0.178074
0.194440
0.322082
0.666105
0.083291
0.639970
0.767914
0.053619
0.609938
0.371556
0.824436
0.211919
0.127159
0.515216
0.064871
0.162543
0.082481
0.527773
0.892064
0.460202
0.847084
0.681966
0.191477
0.807888
0.256844
1.613529
0.097256
0.284854
0.586073
0.045999
0.077734
0.338836
0.469247
0.077770
0.162227
1.940492
0.061046
0.922308
0.097552
0.231071
0.301139
1.507215
0.382454
0.051720
0.182824
1.557896
0.750021
0.667668
1.102719
1.260649
0.054095
0.011593
0.341246
1.617778
0.570311
0.242415
0.382651
0.139471
0.175379
0.066663
0.478736
1.133559
0.128361
1.293412
0.542817
0.709826
0.492193
0.830183
0.495717
0.223880
0.113169
0.143724
0.906069
0.028686
0.310818
0.385909
0.303205
0.580926
0.191253
0.058947
0.090700
0.640684
0.190426
1.701164
0.393728
0.138987
0.178684
0.880656
0.099541
0.604592
0.695641
0.125784
0.037736
0.971675
0.484494
0.063621
0.205801
0.763890
1.247160
0.173692
0.690029
0.231144
0.908505
0.031230
0.080487
0.121115
0.625901
0.399395
0.151845
0.186511
0.425468
0.090334
1.373266
0.293588
0.424897
0.246545
0.214185
0.597283
0.057404
0.449927
0.116760
1.876694
1.010198
0.001850
0.327105
1.593179
0.468039
0.328870
0.550605
0.229475
1.512215
0.162121
0.100846
2.406840
1.677009
0.257993
0.904111
0.205111
0.844930
0.810659
1.869583
0.202885
0.162079
1.453603
0.186312
0.000122
0.234182
0.014271
1.426158
0.309910
1.410540
0.273440
0.515900
0.138181
0.235035
0.373840
1.232049
0.126000
0.235842
0.600214
0.923758
0.108067
1.370657
0.245896
0.176247
0.238687
0.234669
0.086873
0.349006
0.978109
0.603775
0.679465
0.348699
0.171257
0.036504
0.754279
0.409918
0.908035
0.499267
0.257252
0.010189
0.612633
0.387099
0.203618
0.552168
0.112003
0.264788
0.497200
0.058055
0.603775
0.009676
0.670519
0.116510
0.321327
0.330108
0.019114
0.060185
0.633211
0.716944
0.339739
1.192414
0.695886
0.620594
0.460585
0.255749
0.690150
0.347261
0.160204
0.055542
1.352076
0.542321
0.834133
1.343934
0.497984
0.402047
0.506862
0.485299
0.047037
0.365878
1.363374
0.301892
0.323945
0.385513
0.947549
0.154789
1.504116
0.476594
0.267855
0.185272
0.126569
0.651012
0.943706
1.731877
0.362874
0.447606
0.247145
1.095297
0.183881
0.010673
0.193877
0.375745
0.796051
0.104143
0.205594
0.575638
0.314268
0.384129
1.228475
2.731352
0.562965
0.521845
0.921633
2.353409
0.546264
0.908317
0.414197
0.563389
1.144277
0.703617
0.338746
0.124255
0.077378
0.761085
1.513788
0.707999
0.102323
0.341790
1.148508
0.911991
0.455588
2.372344
0.048095
0.417000
0.315500
0.206931
0.922308
1.389463
0.324324
1.509085
0.016505
0.292656
0.148076
0.083363
0.382126
0.275898
0.263908
0.657960
0.587010
0.144926
0.066123
0.668946
0.011484
0.901049
0.705115
0.205640
0.828500
0.349128
0.194462
1.980513
0.608339
0.760177
0.164575
0.565181
0.019067
0.058243
0.365878
0.524974
1.745211
0.006497
1.569383
0.089969
0.075032
0.734799
0.541148
0.800041
1.877345
0.058483
1.105078
1.402910
0.196945
1.666209
1.658575
0.805513
0.389388
0.808272
0.231847
0.627451
0.619065
0.445036
0.011328
0.006945
0.085839
1.162355
0.024550
0.144233
1.113779
0.118034
0.026815
0.032531
0.078305
1.076290
0.130853
0.299525
0.545173
1.403163
0.144355
0.692522
1.225457
0.032922
0.188087
0.044913
0.921537
1.415951
0.168792
0.443440
0.225291
0.274152
0.200145
0.076346
0.126432
0.409433
1.214775
1.678758
0.253210
0.022008
0.489383
0.780838
0.555726
0.037325
0.605155
1.300560
0.427401
0.100193
0.531867
2.252766
0.190136
0.036947
1.244763
0.436999
1.030154
1.542979
1.257809
0.606077
1.124944
0.313211
0.338506
0.082373
0.439419
0.533994
0.002340
0.694109
0.111736
0.057781
0.080165
0.474107
0.207601
0.606026
0.722998
0.164639
0.553920
0.029090
0.501425
2.445923
0.141188
0.107594
0.481527
1.003795
0.046083
0.290496
0.043296
0.162818
0.087636
0.057404
1.911051
0.128618
0.273334
1.890556
0.357418
1.488599
0.044529
0.063639
0.802314
0.434628
0.740537
0.049003
0.272255
0.075334
0.575349
0.017626
0.147215
0.474028
0.313725
0.572608
0.391119
0.275395
1.315168
0.995793
0.387993
0.038082
0.145068
0.326665
0.607001
0.125725
1.010889
0.355643
0.785735
0.001544
0.509899
0.037440
0.817970
0.926087
0.370755
0.043613
0.079932
0.431327
0.218324
0.368805
1.469496
0.073740
1.195572
0.950706
1.224219
0.437548
1.253484
0.486428
0.536486
0.769760
0.093415
0.783025
1.019138
0.357293
0.224406
0.749064
0.152341
0.117261
0.994899
0.791646
0.593518
0.165275
0.024839
0.349128
0.230031
0.054775
0.208156
0.323391
0.363789
0.450679
0.508674
0.411062
0.327840
0.459092
0.161046
0.480329
0.444516
1.131208
0.091323
0.614246
0.670519
0.026364
0.181791
0.132322
0.047105
2.019667
0.145538
0.039170
0.754348
0.287830
0.803454
0.151080
0.025898
0.123239
0.280209
0.097293
0.647434
0.261405
0.709384
1.068471
0.258607
0.244550
0.461045
0.379838
0.181133
1.353446
0.876059
0.306406
0.087927
0.087363
0.500594
1.290179
0.038461
0.458519
0.293149
0.052753
0.624516
0.111488
0.021005
0.162184
0.803606
0.360546
0.057729
0.978433
0.147092
1.047084
0.925213
0.087000
1.351392
0.902346
0.755038
0.389487
0.205525
0.484856
0.349128
1.235829
0.130516
1.436848
0.243531
0.082769
0.390353
1.114487
0.008945
0.268716
0.333248
0.122712
0.327575
1.642018
0.166892
0.758226
0.066820
0.288427
0.258940
0.298387
0.003077
0.109110
0.663970
0.127770
0.500926
0.557584
0.429775
1.048821
0.104312
0.215733
1.045353
1.006758
1.049692
0.212012
0.462467
0.937299
0.407223
0.073298
0.559729
0.360797
0.182714
0.327781
0.199144
0.049929
0.047675
0.022758
0.236723
0.142465
0.101276
0.740201
0.113743
0.543496
0.332862
0.384820
1.488898
0.075281
0.275209
0.047843
0.747021
0.278661
0.400685
0.993562
0.474580
0.458978
0.395509
0.475448
0.179164
0.153128
0.649387
0.348178
0.377495
0.218300
0.718997
0.427724
0.330995
0.887362
0.656200
0.128894
0.458100
0.016316
0.096867
0.523059
0.207047
1.915956
0.196900
0.807504
0.244426
0.256385
0.063795
1.503807
0.098778
0.772256
0.120999
0.169669
0.092533
0.115586
0.471906
0.549917
0.655464
0.126039
0.032482
2.839339
0.061891
0.519510
1.353903
0.185117
0.230007
0.279301
0.507830
0.024630
0.445965
0.316735
0.211453
0.449215
0.330965
0.492765
0.042914
0.416613
0.420278
0.597636
1.198917
1.404933
1.733341
0.542998
0.183705
0.337126
0.110364
1.806926
0.300972
0.470457
0.885834
0.085640
0.359668
0.013063
0.316677
0.379838
0.518734
0.300999
1.320705
0.176942
0.888263
0.603010
0.008510
0.809118
0.119291
0.168813
0.925990
0.140541
0.050165
0.032124
0.023861
0.486953
0.149946
1.175955
0.969549
0.092184
0.670285
2.464559
0.243134
0.050503
0.662418
0.604695
0.036094
1.191421
0.822219
0.525018
0.533461
0.030305
0.004122
1.312423
0.513466
0.148733
0.058055
0.017626
0.434519
0.098183
0.436488
0.419818
0.082085
1.045353
0.332239
0.099634
0.258940
0.564237
1.258186
0.941494
0.044362
0.869155
0.110383
1.799061
0.295321
0.565606
0.256334
0.222355
0.299636
0.636470
0.304214
0.441518
0.747021
0.098908
0.264658
0.845013
0.364232
0.376068
0.028702
0.406362
0.006589
0.530411
0.388424
0.282754
0.563530
1.758397
0.083526
0.313525
0.147747
0.154706
1.262552
1.311371
0.280717
0.405778
0.086438
0.153418
0.068620
0.645321
0.568167
0.083832
0.352452
0.141775
0.696992
0.116741
1.586576
0.700882
0.372295
0.217498
0.050081
0.675856
0.016143
0.279354
0.040178
0.105045
0.300999
0.014475
0.120999
0.240979
0.765157
0.063396
0.141978
0.608854
0.425468
0.306293
0.109224
0.594770
1.033760
0.221712
0.118034
0.083057
0.038890
0.847749
0.177290
0.396250
0.732020
0.393628
0.227066
0.396655
0.180367
1.344832
0.296534
1.332623
0.100062
0.315901
0.418689
0.528870
1.697511
0.546719
0.051348
0.234816
0.911991
3.151416
0.028460
0.117454
0.318780
1.208748
0.125450
2.012783
0.236380
0.256309
0.348546
0.762485
0.236600
0.130932
0.275686
0.045046
0.223833
0.165870
0.104688
0.132720
1.908269
0.054129
0.096941
0.385942
0.280743
0.082517
0.184322
0.849999
0.005786
0.815236
0.102023
0.477982
0.415526
0.479811
0.245896
1.188618
0.336139
1.220701
1.039828
0.410576
0.330906
0.109053
0.930091
0.207462
0.532221
0.287504
0.003968
0.663912
0.089841
0.718869
0.530190
0.246045
0.033770
0.421588
0.268951
0.265125
0.329725
0.471397
0.085694
0.225531
0.799210
0.033933
1.011350
0.098741
2.195412
0.078662
2.139540
0.883149
0.763117
0.142383
0.028411
1.968636
0.786470
0.112863
0.058123
0.306152
0.150441
0.503593
0.616074
0.737393
0.454035
2.060267
0.007239
0.345370
0.223952
0.108313
0.891792
0.818754
0.881901
0.498067
0.001268
1.044489
0.848082
0.127435
0.036307
0.395341
1.238365
0.264270
0.482527
1.218951
0.774981
0.966060
0.107537
0.111984
0.570120
0.382684
0.112672
0.564284
0.867077
0.097089
0.625421
1.054824
0.969124
0.458863
0.407671
1.544317
1.428278
2.734962
0.484574
0.239228
0.665238
0.534260
0.719254
0.945725
0.918750
0.120474
0.141168
0.463546
1.396141
1.124366
0.046719
0.001023
0.126019
0.888533
0.145150
0.438684
0.183110
1.691631
0.028363
0.290769
0.149967
0.424932
0.681489
0.079842
1.277057
1.287166
0.458863
0.027040
0.092221
0.079359
0.356358
0.113054
0.146539
0.774621
0.245796
0.570645
1.289776
0.064558
0.239918
0.519079
0.277676
0.666336
0.130635
0.940292
0.045514
0.278581
0.643715
1.154461
0.473910
1.286166
0.505309
0.054418
0.716880
0.335840
0.026011
0.038560
0.406259
1.265611
0.339167
2.891028
0.567597
1.909658
0.710078
0.682802
0.121096
0.757532
0.987587
0.562683
0.257150
0.105648
2.431894
0.231580
0.377365
0.656597
1.180464
0.055695
0.540833
0.026976
0.502966
0.197397
0.192395
0.338476
1.420898
1.269462
0.821429
0.690818
0.268873
0.411861
0.178619
0.120241
0.475250
1.135330
0.250685
1.868942
0.085242
1.088522
0.131587
0.023877
0.108010
0.022982
1.107868
0.865007
0.068217
1.079320
0.100883
0.200464
0.006095
0.206723
0.353039
0.158484
0.386900
0.292711
1.336144
0.264788
0.000305
0.030386
0.081941
0.200487
0.083381
1.246237
0.325113
0.043529
0.234816
0.730637
0.364674
0.766286
0.013424
1.222633
0.596478
0.532841
0.282512
1.184850
0.170098
0.427545
0.228101
0.600620
0.052058
0.513210
0.323508
0.008107
0.314039
0.818597
0.371717
0.137197
0.656994
0.040757
1.030993
0.442774
0.896995
0.229982
0.057473
0.974774
0.107859
0.312783
0.123630
0.380687
0.380458
0.111927
0.124471
0.363284
0.770971
0.201468
0.523233
0.166871
0.742352
0.087018
0.855036
0.660298
0.742958
0.280316
0.148322
0.359793
0.546947
0.378762
0.117860
0.059067
0.771256
0.395072
0.523711
0.330315
0.095442
0.084302
0.535328
0.350142
0.203481
1.505973
0.484092
0.010018
0.114146
0.099988
0.065270
0.789940
0.304130
0.304578
1.523331
0.056395
0.820641
0.296230
0.068392
0.185825
0.330581
0.059823
0.209662
0.058827
0.354743
0.329076
0.682982
0.978109
1.428278
0.371396
0.300777
0.497035
0.739732
0.073793
0.613569
0.241128
0.417527
0.777792
0.043529
1.652718
0.431327
0.908786
0.521845
0.143887
0.292875
0.034391
0.327458
0.118768
0.068672
0.310250
0.313325
0.088437
0.169070
0.732747
0.702496
3.039845
0.573135
0.942800
0.830424
0.583517
0.881723
0.237164
0.285501
0.846752
0.357823
1.254797
0.595824
0.279915
0.206193
1.076947
0.078287
0.002095
2.001793
0.287558
0.139350
0.792614
0.155705
0.969336
0.257227
0.208110
0.718547
0.245048
0.384689
0.276773
0.011281
0.069952
0.393762
0.155372
0.084392
1.850689
0.480688
0.121213
0.960924
0.068725
0.763890
0.669062
0.403516
0.150214
0.452486
2.005991
1.058106
0.796651
0.232989
0.585088
0.012171
0.259350
1.087580
0.684659
0.129803
0.096145
1.249755
0.076826
0.006188
0.411097
0.429919
0.514361
0.185736
0.441333
0.797177
1.259700
0.097274
0.227475
1.210119
0.306377
0.116895
0.302926
0.622180
2.804843
0.211429
0.039500
1.180140
0.776709
0.112691
0.681787
0.226994
0.320399
0.451732
0.192754
0.045147
0.870981
0.261920
0.014742
0.150070
0.094557
0.311216
0.323129
0.217404
0.721833
0.401979
0.100100
0.490277
0.987917
0.162269
0.565606
1.677446
0.926671
1.001189
0.585236
0.316533
0.052770
0.470848
0.290441
0.538185
0.000534
0.051027
0.457909
0.697854
0.626061
1.001981
1.260269
1.074324
0.088091
0.550513
0.042149
0.584646
1.109410
2.008527
0.767347
0.088564
0.078305
1.341696
0.480289
0.095960
1.179171
0.156059
0.646488
0.440301
0.113437
0.429378
0.871853
0.202565
0.311387
0.220406
0.436269
0.272281
0.098332
0.074678
1.117330
0.109167
0.567407
0.169498
0.050722
0.945118
0.172182
0.527159
0.523364
0.348944
0.549367
0.629220
0.173217
0.901882
0.396655
0.265566
0.144946
0.488004
0.736394
0.139007
0.327898
0.057952
0.747497
1.047580
0.353720
0.475724
0.261250
1.030154
1.083966
0.166168
0.168407
0.572320
0.829061
0.246320
0.386603
0.452524
1.150028
0.044913
0.084681
0.768836
0.615603
0.011937
0.739866
0.049356
1.664503
0.658644
0.075476
0.671570
0.051771
0.098462
0.042997
0.428119
0.036750
0.259965
0.115567
0.043030
0.019733
0.528211
0.085531
0.650619
1.113779
1.035693
0.593168
0.989350
0.106233
0.028121
0.232867
0.814690
0.382487
0.129586
0.054265
0.160373
1.101198
0.470653
0.245522
0.876059
1.250312
0.682504
0.343486
0.289052
0.879060
0.042166
0.232697
1.270429
0.754141
1.032074
0.394736
0.171171
0.238367
0.859698
0.940192
0.741544
0.177987
0.216180
0.100566
0.453467
0.385084
1.482347
0.090005
0.117281
0.225339
0.291151
1.088656
0.056566
0.327340
0.523537
0.458214
1.177078
0.280824
0.175401
0.456538
0.857659
0.725857
0.458519
0.040310
0.122517
0.022551
0.292793
0.144885
0.236894
0.077734
0.370051
0.363758
0.075618
1.625991
0.257584
1.347536
0.438098
0.000473
0.970823
0.821429
0.245721
1.161420
0.273835
0.550697
0.026509
0.276269
0.410889
0.256054
0.460739
1.340358
0.207948
0.893247
1.775117
1.130037
0.019892
0.391019
0.572416
0.310989
0.431544
0.103466
0.002126
0.464318
0.107518
0.058878
0.139269
1.092440
0.142952
0.383406
0.180980
0.250357
0.453997
0.049862
0.111640
0.875356
0.252932
0.006188
0.537156
0.194057
0.790384
0.583860
0.318982
0.005663
0.225770
2.377635
0.719705
0.968912
0.655237
0.008821
0.839829
0.775268
0.158128
0.486105
0.472495
0.585334
0.177312
0.328811
0.747701
0.140157
0.511509
2.199120
0.008743
0.101014
0.008914
0.660527
0.767630
1.692531
0.067553
1.120908
0.149679
0.279274
0.892792
0.156956
0.214607
0.266787
0.240634
0.160751
0.937598
1.423784
0.019685
0.537782
0.249954
1.307393
0.024037
0.132024
0.272728
2.039105
0.204307
0.244998
0.626595
0.218962
0.984954
0.588196
0.728078
0.337996
4.158868
0.200897
0.413638
0.184013
1.151857
0.587207
1.676136
0.533151
0.103861
0.960091
0.215804
0.019781
1.444195
0.170463
0.532619
0.055542
0.222950
0.376943
0.329872
1.447219
1.627966
0.052753
0.285258
0.645543
0.893976
0.338416
0.189801
0.596679
0.640904
0.304438
0.235597
0.051923
0.302758
0.258786
0.135293
2.607697
0.387894
0.105045
0.555865
0.426183
0.258940
0.030062
1.035814
1.442007
0.069426
0.023094
0.257968
1.529795
0.064298
0.455892
0.277065
0.032189
0.460355
0.626755
0.288807
0.836973
0.215475
0.227619
0.063102
1.182084
0.423507
0.342728
0.297723
0.290496
0.195544
0.234718
0.783098
0.196583
0.253641
0.434847
0.026622
0.260762
0.029705
0.262074
0.456082
0.209616
0.397668
1.634341
0.044529
0.692522
0.756283
0.674149
0.931760
0.535150
0.045147
1.752268
3.135021
0.800797
0.325815
0.332714
1.424574
0.742285
0.166530
0.283910
0.232381
0.470067
0.436196
0.423329
0.336528
0.703056
0.222164
0.310960
0.414931
0.017927
0.702621
0.201810
0.330581
0.462313
0.209987
0.996464
0.325435
0.268220
0.875004
0.668481
0.520503
0.152113
0.033525
0.091597
0.307787
1.112930
0.919709
0.134294
1.091356
0.141552
0.154477
0.174686
0.186999
0.217875
0.133576
0.129467
1.057600
1.129306
0.908880
0.917028
0.294028
2.989168
0.071411
0.091359
0.738528
0.145354
0.102791
1.986965
0.075706
0.373195
0.759549
0.162163
0.009209
0.419394
0.633265
0.007193
1.515050
1.594659
0.047406
1.170851
0.204835
0.280422
0.305927
0.361740
0.123044
0.039847
0.190828
0.333248
0.773473
0.361520
0.759201
0.065444
0.623718
0.333456
0.990898
0.084248
2.095301
1.774586
0.165382
1.511588
0.264322
0.188888
0.109224
1.532404
0.278421
0.271755
0.710394
0.489140
0.241870
0.367467
1.214083
0.579757
1.519173
0.435612
0.199326
1.355507
0.856811
0.917410
1.142025
0.249879
0.194035
0.384656
0.549138
0.068008
0.092239
0.217545
0.514063
0.294385
1.310111
0.456082
0.227764
0.850250
0.263003
0.554614
0.532088
0.154955
0.486872
0.855205
0.280342
0.363316
0.295210
0.703306
0.010673
0.577475
0.569166
0.063691
1.061920
0.797027
0.494362
0.224310
0.039451
1.161420
1.031473
0.021259
0.350080
0.039814
0.249628
0.053721
0.114817
0.048095
0.575928
0.068462
0.611232
0.014601
0.019083
0.074111
0.738795
0.487842
0.503676
1.301177
0.351496
0.480608
0.471749
0.343243
0.090645
1.190925
0.682623
0.478498
0.517831
0.708817
1.365712
0.006713
1.973353
1.028361
0.059411
0.154747
0.891973
0.458100
0.691000
1.132970
0.188287
0.029026
0.485822
0.620277
0.051838
0.291015
1.925914
1.255360
0.106856
0.204536
0.748519
0.027766
0.172376
0.150297
0.070321
0.134534
0.066402
0.156435
0.531072
0.803226
0.579659
1.038852
0.841059
0.872814
0.743363
0.036061
2.381194
0.462121
0.643108
0.659956
0.239031
0.404303
0.718355
0.115643
0.245272
0.530058
1.037027
0.190404
0.596931
1.023610
0.450528
0.488491
0.510153
0.561368
0.492315
0.099951
0.021291
0.063604
0.613205
0.444219
0.109527
0.404714
0.457185
0.474935
0.063985
0.330433
0.522278
0.091066
0.682743
0.460202
0.759898
1.243293
0.118710
0.401025
0.235891
0.189667
1.211666
0.272018
1.119617
0.195341
0.287640
0.354681
0.576653
0.472966
0.052126
0.267907
1.050814
0.374355
0.085948
1.501035
0.700572
0.451356
0.291370
1.286766
0.356732
0.929993
0.335900
0.200077
0.878176
0.676033
1.089465
1.704843
0.074678
4.158868
1.490099
0.009334
0.006002
0.033003
0.257687
0.494649
0.396823
0.383734
0.128677
0.000183
0.113743
0.201513
0.185692
0.029916
1.452487
0.942398
0.039946
0.103917
0.074129
1.257620
0.673268
0.054571
0.039632
0.934423
0.206608
0.225004
0.417949
0.163199
0.120300
0.411201
0.309456
0.134474
0.042299
0.678753
0.407913
0.018988
0.217923
0.028234
0.714582
0.285123
1.032434
0.095775
1.275098
0.638819
0.618855
0.392790
0.150441
0.053687
0.097089
1.469207
0.718997
0.053738
0.642666
0.296838
0.333219
0.179164
1.006643
0.134494
0.082517
0.092551
0.812904
0.255850
1.459221
0.168065
1.043627
0.091762
1.349347
0.651573
0.383636
0.499474
2.127570
1.186649
1.680075
0.359261
0.513167
0.489749
0.008123
1.735300
0.765509
0.527203
0.479134
0.000046
0.413708
0.443848
0.182406
0.314268
0.308805
0.178946
0.027121
0.151245
1.160642
0.618802
0.006821
0.540428
0.192821
0.121232
0.241993
0.249904
0.045631
0.383570
0.001972
0.296010
0.117454
0.140884
1.034363
0.083580
0.109072
0.783975
0.129427
0.439198
0.005107
0.155455
0.205686
0.745595
0.351188
0.655294
0.571649
0.875532
0.144050
0.208573
0.537335
0.259555
0.089823
0.055269
0.331587
0.556561
0.924533
0.344852
0.286015
0.096663
0.001513
0.722480
0.048935
0.682145
1.478809
0.081492
0.692949
1.120764
0.298387
1.055454
0.492193
0.803759
1.661954
0.066628
0.031441
0.219719
0.439970
0.770543
0.197171
0.215076
0.507535
0.196086
0.128105
0.171860
0.192911
0.310705
0.074235
1.259321
0.181265
0.006760
0.516886
1.311581
0.590577
0.490766
0.272386
1.297280
0.143765
0.649108
0.374194
0.101182
0.176681
0.298277
0.740537
0.098406
0.112194
0.821114
0.171709
0.329607
0.895529
1.257997
2.857523
0.007503
1.377327
0.410195
0.040906
0.110554
0.757601
0.805360
0.096552
0.024262
0.013142
0.023685
0.258454
0.630726
0.112500
0.134673
1.068601
0.395173
0.592519
0.334022
1.254609
0.069724
0.550972
1.784233
0.356639
0.292382
0.826185
0.178946
0.186112
0.402627
0.184388
0.112194
0.658473
1.577905
2.386580
0.717970
0.193562
0.032677
2.185656
0.019939
0.042365
0.963433
0.986708
0.170141
1.097073
0.156455
0.462929
0.484494
0.536620
0.193248
0.248598
0.215029
0.272939
0.345035
0.364864
0.861832
1.644058
0.316562
0.259247
0.001345
0.103542
0.483048
0.053755
0.468273
0.953575
0.315787
0.098815
0.027137
0.913980
0.324616
0.268455
0.003876
0.483610
0.175358
0.107367
0.909350
0.028476
1.667065
0.003307
0.616179
0.116953
0.062479
2.076505
0.508336
0.185161
0.616022
0.909256
0.164363
0.384129
0.171946
0.074961
0.624250
0.726966
0.248096
0.204766
0.011781
1.560310
2.657886
0.261508
1.604382
0.178771
0.584793
0.421517
0.290578
0.908692
0.330049
1.390447
0.110592
0.513125
0.919613
0.396925
0.204674
0.160688
1.643649
0.517573
0.043846
0.515045
0.904111
0.521845
0.383209
1.246606
0.051720
0.590825
0.509688
0.564803
0.133098
0.089750
0.134693
1.310321
0.076310
0.060546
0.269030
0.083327
0.462814
2.141748
1.932421
0.031831
0.576604
0.390186
0.164872
0.090883
0.448766
0.252805
0.140864
1.058867
0.019352
0.040492
0.868115
0.150750
0.476476
0.000137
0.571362
0.038510
0.135153
0.163368
0.250937
0.198713
0.092460
0.738327
1.425365
1.322206
0.550926
0.157103
0.718933
0.494116
0.759201
0.132521
0.092974
1.155999
0.195341
2.018802
0.256844
1.323281
0.419995
0.701130
0.044913
0.197964
0.572224
0.365720
0.256181
0.761015
0.283050
1.916661
0.632075
0.147747
0.117184
0.509645
3.497990
1.206187
1.037756
0.234108
0.679644
0.260094
0.336558
0.235182
0.683760
0.662705
0.288345
1.195405
0.313782
0.140642
1.972564
0.732218
0.166935
0.005802
0.745324
0.951319
0.265514
0.112748
0.245397
0.663337
0.723711
0.469403
0.203825
0.596226
0.400685
2.479549
0.558795
0.025191
1.054573
0.252148
0.577475
0.123298
0.079574
0.043296
0.570502
0.311216
0.363631
0.154186
0.297917
0.515130
0.129329
0.154352
0.249276
1.418028
0.029042
0.161615
1.036663
1.501957
0.577524
0.231774
0.823802
0.011859
0.158148
1.293412
0.011859
0.178706
2.657886
0.051162
0.293122
0.188888
1.003568
0.386239
0.446487
0.438684
0.420136
1.723660
0.315873
0.051382
0.505225
0.790978
0.209616
0.051669
0.638217
0.267699
0.300860
0.037112
0.147112
0.228486
0.102435
0.213015
0.158861
2.005991
0.687789
0.120746
0.572751
0.590875
0.968489
1.711817
0.730308
0.542050
0.338446
0.740872
0.110592
1.024083
0.136014
0.758087
0.198418
0.215005
0.136154
0.233573
0.035143
0.563907
0.181682
1.696148
0.062410
0.277331
0.116799
0.152031
0.859784
0.616231
0.574000
0.227691
0.296617
0.311415
0.093415
0.552122
0.090371
0.539215
0.935215
1.178849
0.341548
0.031343
1.448600
0.172613
0.369028
0.619697
1.335041
0.080398
0.526940
0.796351
0.379577
1.239456
0.101593
0.023973
0.097794
1.778850
0.342062
0.188398
1.006872
0.079681
0.053891
0.353968
3.039845
0.226058
0.247671
0.373550
0.109243
0.162374
0.175401
0.216321
0.545127
0.218418
0.615133
1.495537
0.044980
0.158609
1.091085
0.083183
0.493747
0.031343
0.558889
0.087327
0.023797
1.076947
0.716944
0.866904
0.307759
1.015171
0.916169
0.235304
0.776132
1.113779
0.958947
0.695395
0.270260
0.652191
0.104067
0.088018
0.052940
0.311671
0.027863
0.039038
0.505392
0.438354
0.929405
0.154290
0.219388
0.515472
0.695886
0.040426
1.440372
1.267148
0.282432
0.425004
0.505057
1.681835
2.094294
0.609422
0.182055
0.293808
0.021259
0.103767
0.337966
0.107442
0.133237
0.116934
1.085436
1.059121
0.891156
0.513253
0.189110
0.100827
0.878264
1.267148
0.683580
1.137255
0.142485
0.128105
0.214021
1.014939
1.909658
0.077236
0.082229
0.089020
1.030993
0.296092
0.185471
0.239327
0.293177
0.092937
0.372327
0.362937
1.139783
0.469208
0.524669
0.163283
0.834052
0.280797
0.001299
0.155622
0.124725
0.368167
0.279061
1.257620
0.262513
0.710015
0.497324
0.493174
0.092882
0.200669
0.849999
1.415951
0.907098
0.781056
0.098499
0.146539
0.943202
0.324763
0.133955
1.060900
0.072168
0.326988
0.441444
1.350028
0.059050
0.755246
0.049407
1.187468
0.408638
0.684899
0.012015
0.233792
0.087145
0.503760
0.101238
0.586122
2.911233
0.136916
0.441075
0.074288
0.724816
0.222926
0.555726
0.243407
0.002126
0.137900
0.470223
0.587010
0.061891
0.512146
0.661557
0.687669
0.307816
0.566364
0.473871
0.427330
0.172980
0.063881
0.832275
0.230007
0.961968
0.157019
0.989129
0.620277
0.223522
0.052329
0.329135
0.022598
0.110802
0.798080
0.415631
0.874215
0.051635
0.235133
1.820122
0.148856
0.412871
0.345187
0.576556
0.001069
0.208735
0.107612
0.167510
0.793061
0.129625
0.441665
0.241128
0.217545
1.570087
0.202748
1.428012
0.332180
0.330463
1.124944
0.044429
0.867250
0.289678
0.187221
0.240214
0.031002
0.012969
0.518778
0.094963
0.062600
0.073598
0.636470
1.466334
0.078002
3.465721
0.213389
0.178270
0.688515
0.049036
0.560665
0.370051
0.230442
0.532841
0.832920
0.202359
0.117937
0.373582
0.258019
0.776709
0.470536
0.509476
0.175488
1.254421
0.169198
1.272369
1.526229
0.049424
0.214419
1.131062
0.757185
0.562683
0.318924
0.707057
0.009287
1.706694
0.090005
0.117744
0.217758
0.004660
0.365434
0.947650
1.161575
0.137076
0.211895
0.225028
0.667784
0.404988
0.064159
0.199895
0.450829
0.814924
0.491622
1.250498
1.330872
0.139571
0.615917
0.134314
1.976523
2.281183
0.026622
0.502383
1.886556
2.424051
0.236649
0.672623
0.096755
0.419889
1.721746
0.342122
0.992339
0.010938
1.382388
2.495003
1.911051
0.241227
0.070356
0.236380
0.379479
0.799210
0.046501
0.459513
0.301111
0.459016
1.488599
0.196312
0.017563
0.454716
0.645377
0.633373
0.507957
0.450003
0.924437
0.317828
0.791052
0.600975
0.219198
0.740671
0.238539
0.289787
0.664373
0.414371
0.002018
0.113131
0.534527
0.838767
0.167361
0.028541
0.547494
0.070918
0.077788
0.313011
0.082247
0.328722
0.818676
1.462338
0.373002
0.157103
0.494403
0.095092
0.003138
0.473241
0.296065
0.442885
1.296871
0.021673
0.423649
0.015167
1.575761
0.299164
0.050891
0.279247
0.098220
0.374291
0.580682
0.038197
0.224956
0.351743
0.331261
0.365023
0.270653
0.316562
0.180761
0.481847
0.236307
0.009505
0.717713
0.723971
0.897270
0.421198
0.357168
0.861234
0.145701
0.033721
0.118846
0.830987
0.018053
0.249728
0.279594
1.030154
0.728536
0.159091
0.040244
0.382520
0.389388
1.182409
0.460585
0.837869
0.734998
0.093765
0.369731
0.103410
0.247220
0.501966
0.367817
1.833677
0.992339
0.090462
0.621968
0.073616
1.069507
0.295955
0.152859
0.024470
0.109148
0.071428
0.008666
0.147645
0.289951
1.788580
0.155143
0.740470
0.254630
0.519252
0.216627
1.253859
0.455361
0.492520
0.124823
0.146846
0.493379
0.854109
0.490196
0.502841
0.060632
0.163051
0.046334
1.184361
0.672740
0.760386
0.197216
0.177464
0.118672
0.378567
0.143358
0.007456
0.457147
0.749953
0.130833
0.038758
1.383601
0.503635
0.734070
1.339468
0.345522
1.074586
0.131547
1.122922
0.531470
0.010548
0.797553
1.099406
0.622922
0.225339
0.177029
0.444478
0.530807
0.309995
0.041701
0.293396
0.092606
0.500594
0.407051
0.515558
1.115480
0.974346
0.473241
0.389454
0.148014
0.996800
0.344974
0.426541
0.969230
0.515558
0.256232
0.115663
0.680774
0.113916
0.185205
1.347989
0.397600
0.878795
0.226994
0.994788
0.901419
0.488531
0.200920
1.374934
0.464047
0.524887
0.215451
0.159238
0.210545
0.247896
0.508674
0.636143
0.376230
1.012389
0.161678
0.053466
2.460357
0.091707
0.694477
0.122088
0.029559
0.548315
0.260608
0.059411
0.921440
0.658815
0.308579
0.540608
0.522105
0.106120
0.673503
1.957035
0.906630
0.198690
0.786765
0.630834
0.048380
0.624888
0.382487
0.663970
0.333992
0.503843
0.044562
0.132859
0.146539
0.263985
1.485910
0.877205
0.547129
0.229620
0.109793
0.486831
1.351848
0.750637
0.835510
0.852092
0.379838
0.346955
0.915692
0.992117
0.958013
0.543903
0.366227
0.599758
0.445445
0.057661
0.017452
0.068900
0.744106
1.329345
0.026155
0.882792
0.965428
0.945826
0.591522
0.023333
0.661328
0.670460
0.062150
0.351650
0.088218
0.026654
0.199804
0.417879
0.260428
0.305814
0.277570
0.081851
0.441112
0.295265
1.077474
0.324354
0.450378
0.111717
0.042183
0.072274
2.948684
0.352483
0.582146
0.372841
0.914170
2.050034
0.051314
0.117242
0.660527
0.276322
0.389221
0.095812
0.089512
0.359699
0.025352
0.432884
0.256666
0.620699
1.263506
1.982119
1.334821
0.450791
0.908599
0.450115
0.818519
0.266319
0.186555
0.459475
0.894797
0.090956
0.439015
0.030694
2.585715
1.666637
0.549321
0.270076
0.003753
1.660684
0.530807
0.102998
0.289406
0.536754
2.122222
0.789347
0.159322
0.806048
0.796051
0.080953
0.203917
0.681787
0.011718
1.540315
0.339347
0.326988
0.269657
0.167425
0.011843
0.082175
0.064541
0.332832
0.033020
0.201057
1.759425
1.159244
0.395913
0.904204
0.090353
0.317742
0.377560
0.229185
0.328516
0.649779
0.194822
0.700077
0.551110
0.133297
0.192440
0.038445
0.104951
1.784774
1.438200
0.304915
1.822453
0.654785
0.469364
0.843279
0.189623
0.009707
0.055201
0.191589
0.450228
0.389122
0.186422
1.022429
1.618554
0.682862
0.528563
0.238367
0.538857
0.353596
0.104951
0.051246
0.065253
0.304298
0.720091
0.857150
0.355270
2.003468
0.049356
0.119466
0.917888
0.306772
0.137659
0.030434
0.245996
0.618224
0.198213
0.609112
0.314325
0.143175
1.446393
0.323100
0.171773
0.200100
0.070110
0.228679
0.030191
0.200054
0.207439
0.709384
1.185994
0.352699
0.177747
0.309910
1.150180
0.526765
0.094354
1.033639
0.619592
0.569547
1.250498
0.348117
0.077610
0.567217
0.157479
0.553228
0.090188
0.298498
0.128933
0.539664
0.438721
0.042498
0.317886
0.049070
0.028541
0.426900
0.470653
0.827781
0.397634
0.027298
0.551156
0.021960
1.448877
0.461506
0.609577
0.096996
1.254421
0.143419
2.414416
0.904670
0.706806
0.068095
0.516715
0.500760
0.160289
0.220146
0.056908
0.186112
0.329135
0.543948
0.271939
0.459207
0.089166
0.164724
0.511594
0.394971
0.006110
0.081905
0.228462
0.447308
0.342728
1.721269
0.652023
0.118517
0.049154
0.046049
0.760666
0.224645
0.033525
0.923178
0.597031
0.384590
0.265981
0.163918
0.534571
0.608339
0.104255
1.031473
0.981574
1.224749
0.805666
0.123923
0.394534
0.951013
0.327898
0.155080
0.293726
0.061287
0.417632
0.049323
0.400583
0.361583
0.689847
0.765086
0.516243
0.078430
1.538987
0.263416
0.287938
0.395173
0.002892
0.566601
0.785441
0.617594
0.643771
0.142485
1.023019
0.123630
0.488045
0.154623
0.545536
0.188398
0.986159
0.078091
0.755108
0.075724
0.451694
0.061615
1.163448
2.255537
0.259145
0.448803
0.929013
0.773043
1.354132
1.001754
0.419006
0.503593
0.261946
0.093820
0.059325
0.544311
0.105234
0.541419
0.840321
2.636607
0.009365
0.178706
0.660013
0.046568
0.051584
0.130100
0.586220
0.146600
0.579854
0.483971
0.868548
0.467300
0.210778
0.411757
0.034620
0.151225
0.341518
2.452058
0.305702
0.010688
0.308550
0.133696
0.576073
0.235206
0.481887
0.071147
0.743363
0.027234
0.937797
0.217734
0.199872
1.412852
1.175794
0.987587
0.124784
0.497117
1.219300
0.059393
0.074731
0.241350
0.434992
2.076505
1.238002
0.790162
0.214513
2.361927
0.010657
1.341027
0.045414
0.796051
0.072380
0.135413
0.367530
0.421978
0.117686
1.729446
0.015623
0.118150
1.295037
0.309768
2.191731
1.755323
1.392420
0.000061
0.159091
0.357168
0.928329
0.416403
0.080416
1.268303
0.137960
0.147296
0.069548
0.657278
0.862346
0.525541
0.005555
0.299886
1.057980
1.188947
0.620224
0.543315
0.081726
0.987807
0.044596
0.114971
0.248673
1.279417
0.231289
0.324149
0.455171
0.021546
0.259068
0.243779
0.157458
0.380458
0.173368
2.092286
0.513466
0.011937
0.551570
0.191343
0.150688
0.201833
0.111183
0.358886
0.915121
0.379772
0.360232
0.514276
0.774981
0.000366
0.098239
0.260248
0.186511
0.646432
1.193907
0.070426
0.355612
0.527510
0.516800
0.087873
0.219672
0.217781
0.555540
0.069513
2.155201
0.815937
0.271151
0.097348
0.103335
0.389055
0.061235
0.486428
0.336947
1.987777
1.384816
0.071587
0.801858
0.112194
0.857828
1.281590
1.281392
1.337471
0.437109
2.871608
1.535685
0.035438
0.370467
2.616196
1.023492
0.323799
0.075937
0.521888
0.173865
0.222783
0.076310
0.245322
0.757254
2.182045
0.241375
0.073121
0.434992
0.029948
1.232408
0.824516
0.148383
0.323246
0.740537
0.408569
0.030954
0.872552
0.564284
0.182912
0.339889
0.195409
0.177116
0.413778
1.459786
0.382684
0.141573
0.051669
0.853604
0.489180
0.280957
0.325376
0.019558
0.283614
1.524939
0.000886
0.234694
0.086946
0.112118
0.034930
0.307082
1.287166
0.159763
0.352947
1.240915
2.866869
0.268429
1.183709
0.361835
1.947194
0.469637
0.310875
0.670227
0.618066
1.963963
0.245123
0.582684
0.096626
0.096071
0.256385
0.644712
0.128736
0.224669
0.215498
0.687186
0.215968
0.010719
0.317540
0.372552
0.182758
0.092331
0.202313
2.120099
1.111801
0.098295
0.002570
0.972741
0.496170
0.973489
0.301501
0.442071
0.517144
1.300765
0.635055
1.320705
0.374130
0.416929
1.206187
0.058827
0.297501
0.103035
0.366100
2.431894
0.196357
0.035880
0.062220
0.057284
0.176160
0.023477
1.471808
0.009334
0.191164
0.996017
0.298692
0.974667
0.065357
0.254300
0.142323
0.344548
0.228004
0.231677
0.497117
0.130714
0.115951
0.629005
0.029657
0.228317
0.063569
0.158924
0.650003
0.564614
0.121933
1.408494
0.643384
0.029074
0.993785
1.677446
0.777864
0.209384
0.988578
0.352885
0.139975
0.557165
2.381194
0.077913
0.048498
0.180323
0.100883
0.330936
0.897821
0.170935
0.056088
0.356763
0.013079
1.329999
0.308353
0.946433
0.062306
0.243158
0.668946
0.457642
0.446897
0.237900
0.692217
1.049692
1.433885
0.241721
0.591074
0.681370
0.379936
0.111507
0.020861
0.544447
0.879503
0.203389
0.015576
0.081708
0.047826
0.041751
0.023142
0.726509
0.010065
0.625048
0.530675
0.058381
0.242836
0.608184
0.463006
1.911749
0.107272
0.214490
0.385876
0.198735
0.263106
0.676387
0.643163
0.124158
0.716497
0.317598
0.426720
0.240584
0.553459
1.662378
0.135633
0.409952
0.861148
1.084634
0.023046
0.181243
0.283399
0.326900
0.046702
0.221023
0.633048
0.166189
0.638381
0.169584
0.467378
0.052194
0.139450
0.382848
0.135073
0.529926
0.437073
0.366259
0.141816
0.860466
0.125058
1.765122
0.271519
0.933633
0.092735
0.073015
0.568452
0.297225
0.150874
0.009147
0.002233
0.135733
0.399734
0.183088
0.150255
0.195567
0.052702
0.082031
0.343455
0.389986
1.293007
0.290032
0.694171
0.108901
0.247871
0.662188
0.968171
0.647434
0.921248
0.363347
0.196696
0.114529
0.656143
1.228297
0.837706
0.035782
0.025464
0.392824
0.109432
2.959920
0.196244
0.516329
0.838114
0.202427
1.736282
0.076595
1.023965
1.666209
0.156936
0.866818
0.435247
0.033754
0.776853
0.141593
0.013894
0.463199
0.312298
0.422689
0.188531
0.012562
0.104989
1.440372
0.010688
0.005385
0.079484
0.478935
0.342153
0.658530
0.588839
0.277889
0.006466
0.334409
0.026364
0.865696
0.206793
0.078412
0.495717
0.039121
0.640629
0.168172
0.108560
0.884848
0.956357
0.308692
0.678516
0.550284
0.823722
0.313582
0.170398
0.861148
0.379609
0.020019
0.261894
0.613777
1.013315
1.098033
0.736793
0.275553
0.564567
0.305084
0.326313
1.074455
0.039253
0.197851
0.315873
0.640739
0.200396
0.568976
0.724231
0.528387
0.276720
0.607155
1.066407
0.261868
0.939992
0.227499
0.065618
1.438200
0.478816
0.302953
0.049575
0.022535
0.044813
0.171343
0.101874
2.450004
0.406087
0.009972
0.185360
0.312412
0.125274
1.135034
0.603622
0.176377
0.335034
0.301976
0.004676
0.171752
0.106516
1.795174
0.365086
0.603469
0.687246
0.089038
0.671278
0.429450
0.713754
0.298221
0.094501
0.456082
0.072839
0.743566
0.365213
0.431327
0.116625
0.199826
0.060064
0.156351
1.334821
0.061546
1.048449
0.522886
0.527904
0.667263
0.402013
0.201194
0.358042
0.205709
0.361206
0.149020
2.086309
0.047960
1.369711
0.199690
0.473831
0.077503
0.438208
0.072927
0.290169
0.265592
0.019860
0.285772
0.113897
0.087236
0.462775
0.391887
0.775196
0.674443
0.593069
0.167254
2.585715
0.272755
2.470928
0.548544
0.078912
0.590229
0.072874
1.330217
0.411340
1.953227
0.130654
0.072133
0.276932
0.072821
1.754302
1.312423
0.053415
0.529970
0.509688
0.549871
0.250483
2.129725
0.752764
0.388159
0.843774
1.058994
0.804902
0.921922
0.231241
0.074058
0.203962
0.036471
1.178687
0.615865
0.437146
2.271053
0.385777
0.359167
0.306715
0.192418
0.117261
1.224043
0.826663
0.119679
1.091627
0.133815
0.328693
0.091231
0.299386
0.132720
0.382126
0.380556
0.765721
1.354819
0.216015
0.163135
0.063968
0.656257
1.650228
0.084934
0.085278
0.091249
0.213156
1.393905
1.918073
0.167788
1.941974
1.024912
0.191052
1.826559
0.285853
0.003245
0.102342
0.112825
0.184852
0.418231
0.255596
0.399938
0.134933
3.753403
0.027089
1.539982
0.181550
1.047704
0.279327
0.025127
0.489830
0.177312
0.277410
0.021912
0.219104
1.505353
0.002524
0.351527
1.497363
0.328487
0.576894
2.219376
1.270042
0.212548
0.500428
1.092440
1.090004
0.756076
0.234060
0.290141
0.109413
0.026027
0.524582
0.161172
1.184035
0.538140
0.305421
0.271440
0.248297
0.489627
0.808964
0.086039
0.233426
0.376878
0.108692
0.564190
0.515558
0.318088
0.280128
0.983861
0.156518
0.426685
0.526284
0.102829
0.402286
0.130833
0.167852
0.049272
0.388093
0.615813
0.847915
0.702310
0.209523
0.178902
1.909658
0.501966
0.036061
0.540473
0.230152
0.717585
0.514917
0.328428
0.018227
0.062375
0.161573
0.099857
0.024646
0.011781
1.168003
0.678694
0.456462
1.791866
0.204054
0.232041
0.540968
0.752420
0.276879
0.063864
0.664085
0.313125
0.013784
0.077289
0.620172
0.810428
0.012140
0.662475
0.241672
1.059121
0.118420
0.805666
0.524538
0.522408
0.187887
1.373504
1.249383
0.842620
1.263315
0.683281
0.712864
0.003307
0.477506
0.427330
0.208179
0.472927
0.045314
0.185648
0.531470
0.108578
0.342516
0.250080
0.051314
1.180787
1.096116
0.630726
0.263882
0.739665
1.297893
0.398547
0.367053
0.178662
0.638545
0.084482
0.190918
0.160415
0.032368
0.147973
1.109410
0.092643
0.797929
2.554455
0.151824
0.042050
0.548498
0.405366
0.073899
0.434410
0.228944
0.057524
0.649835
0.255265
0.068672
0.118227
0.077984
0.215099
0.420525
0.209361
0.276454
0.242514
0.073457
0.647489
0.600620
0.119970
1.138889
0.044246
0.394769
0.229692
1.585121
0.339167
0.028815
0.070444
0.182912
2.005149
0.515002
0.131408
0.214818
0.028686
0.068497
0.622710
1.312844
0.726379
0.070619
1.082501
0.048380
0.358323
0.180914
0.720284
0.272623
0.120319
0.273097
1.102857
0.083634
0.012844
1.093119
1.710415
1.434154
0.129309
0.547904
0.104688
0.319358
0.323362
0.092074
0.574578
0.697915
0.022455
0.079663
1.840897
0.226322
0.128775
0.056942
1.023965
0.275633
0.413743
0.161552
0.563624
0.414686
0.009396
0.538453
0.077574
0.603724
0.824754
0.124882
0.036914
1.061028
2.273926
0.616859
1.427482
1.720792
0.352854
0.089148
0.373807
0.330758
0.857065
0.511000
0.907379
0.212642
0.796276
0.096478
0.222950
0.847167
0.001100
0.375033
1.526229
0.271177
0.031376
0.645710
0.198940
0.066698
0.133795
1.519810
0.366767
0.428119
1.064993
0.814690
0.138604
0.488977
1.420898
0.291780
0.399361
2.199120
0.065097
0.572128
0.606334
0.163622
1.245499
0.388756
0.507620
0.115278
0.074005
0.167318
1.682276
0.122810
0.050081
0.342334
1.079188
0.239967
0.054350
0.111431
1.322206
0.722869
0.293945
0.432196
1.510022
0.060236
0.319416
0.181660
0.142241
0.052855
2.170197
0.011827
0.132600
1.291187
0.409502
0.009800
0.421978
0.398344
1.434154
0.450679
0.087291
0.218962
0.141087
0.103617
1.162979
0.333664
0.000871
0.747633
0.489667
0.580292
0.839993
0.430532
0.050756
1.047952
0.624942
0.448204
0.376457
0.173088
1.152622
0.007224
0.311671
0.281734
0.005616
0.022870
0.312612
0.466369
0.436415
0.070988
0.359449
0.248874
0.963119
0.100342
0.358104
0.640794
0.435685
0.699706
0.836485
1.478809
3.143152
0.775556
0.088437
0.479333
0.455930
1.108428
1.974936
0.153107
1.097210
0.604081
0.235451
2.717166
0.727227
0.239548
0.800646
0.077022
0.572320
0.701999
0.695150
0.732020
0.135573
0.070707
0.295348
0.186976
0.245472
0.208804
0.883596
0.078591
1.087178
0.004106
1.014358
0.201673
0.076737
0.469169
0.365149
0.222117
0.077485
0.200806
0.152155
0.070725
0.455664
0.158693
0.516972
0.005940
1.526875
0.003630
0.585334
0.093305
0.296010
0.029284
0.493952
0.026541
0.956667
0.168300
0.847915
0.123747
0.032547
0.726640
0.166168
0.228028
0.100827
0.071904
0.746341
0.746953
0.159658
1.765122
0.682982
0.003476
0.270364
0.138805
0.083417
0.049896
0.144640
0.197148
0.367308
0.018750
0.487236
0.530896
0.057267
0.959570
0.384359
0.359793
0.543089
0.001375
0.018085
0.009194
0.460623
0.281520
0.098945
0.820326
0.037654
0.016979
0.744850
0.316131
0.730703
0.862945
0.005879
0.152445
1.296463
0.412348
0.554059
0.068585
0.253742
0.094815
0.019812
0.389221
0.123845
0.557956
0.124510
0.135673
0.404577
1.391186
1.627570
0.207670
0.302953
0.039071
0.564756
1.201104
0.186533
0.552444
0.854109
0.314955
0.281306
0.605104
0.142039
0.353163
0.475882
0.273097
0.711343
0.377755
0.095406
1.324143
0.281493
0.519942
0.157374
0.783244
1.350482
0.144722
2.255537
0.278049
0.319473
0.886732
0.031977
0.430677
0.360860
0.264425
0.501924
0.495265
1.472097
0.595473
2.101386
0.032563
0.926768
0.265644
0.482287
0.894432
0.314869
1.143675
0.471945
1.314322
0.598545
0.321559
0.505644
1.278432
0.358198
0.473516
0.428623
0.763187
0.579757
0.296783
0.056925
0.625368
0.242935
0.540428
0.107499
0.200236
0.730308
0.147235
0.987477
1.321777
0.178008
0.157939
0.108124
0.080559
1.136217
1.599123
1.347762
0.789421
0.436378
0.299998
0.443662
0.055371
0.786912
0.301557
0.336438
0.150750
0.002908
2.749669
0.527904
0.243605
0.897454
0.749269
1.081970
0.963223
0.141694
0.060494
0.022662
0.087763
0.040360
0.030272
0.886373
0.080183
0.314669
0.574337
0.021689
1.011466
0.259324
0.043413
0.596377
0.977138
0.010641
0.068392
1.185503
0.063968
0.777503
0.326695
1.428012
0.419748
0.169648
1.295851
0.229185
0.140480
0.587108
0.389354
0.543134
0.039121
0.493911
0.657221
0.137679
0.291424
0.432703
0.544991
0.153315
0.226898
0.312526
0.074023
0.089002
0.419253
0.425325
0.268403
0.155913
0.115586
0.340643
0.024518
0.306096
0.397161
0.119543
0.127454
0.133257
0.236772
0.006419
0.574674
0.065114
0.265125
0.218938
0.602449
0.836160
0.356203
0.237483
0.118111
1.407474
1.494930
0.105234
0.420207
1.251989
0.414371
0.444404
2.826123
0.639257
0.001375
0.246345
0.139249
0.017452
1.289977
2.454120
0.333605
0.546901
0.230684
0.232794
0.007642
0.503843
0.067047
0.062600
0.618486
0.936306
0.209848
0.606950
1.019373
0.669062
0.109375
0.497654
0.259452
0.889527
1.015636
0.468311
1.310951
0.432558
0.503718
0.269474
0.751048
0.267594
0.202794
0.486387
0.356576
0.268090
0.002095
0.778950
1.046712
0.329430
1.777781
0.220477
0.894706
0.296506
0.085314
0.858933
0.459207
0.001176
1.161887
0.251668
0.193832
1.034726
0.042598
0.799135
0.196266
0.071939
0.778443
0.188153
0.400549
0.033020
0.235989
0.822061
0.083742
0.316993
0.067518
0.862346
0.845592
0.984845
0.211546
0.288563
0.818833
0.252072
0.079431
0.018386
0.190716
0.002263
0.639421
0.484494
0.057490
0.438208
0.222593
1.031233
2.034620
0.580000
0.008495
0.427617
0.073156
0.457833
0.614038
0.419077
1.187632
0.125489
0.337636
1.147750
1.579340
0.519036
0.218773
0.192575
0.269396
0.956564
0.696377
0.745866
0.008976
0.274231
0.050149
0.032221
0.719769
0.555772
1.870868
0.177073
0.076310
0.061132
0.247495
0.220762
0.288699
0.559309
0.713881
1.385547
0.088218
0.357542
0.012781
0.265436
0.062877
1.352989
0.444182
0.061149
0.095424
0.133098
0.252679
0.129526
0.127317
1.169900
1.367825
1.234926
0.267256
0.057798
0.274786
1.013894
0.064957
0.923758
2.051879
1.234746
0.722674
0.528211
0.040476
0.951729
1.323281
0.225171
1.861308
0.076880
1.061665
0.571458
0.401843
0.554938
1.664929
0.057712
0.102379
0.085278
1.457529
0.028072
0.019733
0.291069
0.828020
0.408776
0.359825
0.148794
0.026268
0.384326
0.075937
0.551386
0.000718
1.457248
0.622922
0.843691
0.110250
0.762976
1.203300
0.074997
0.216133
0.188643
0.133576
0.652135
1.307602
0.303877
0.350080
1.474713
1.063838
0.588939
0.606385
0.003983
0.425075
0.309343
0.319358
0.502383
0.250659
0.249050
0.004553
0.326929
0.076791
0.188687
0.551294
0.305168
0.547859
0.289379
0.019352
0.485540
0.855796
0.489464
0.760316
0.774837
0.148671
0.063587
0.006450
0.362023
0.048549
0.619012
0.346680
0.496623
1.612376
0.533816
0.316850
1.354590
0.356389
0.206193
0.174492
0.152093
0.988247
0.005956
0.959051
0.391854
0.029317
0.439713
0.881545
0.005693
0.017658
0.837787
0.677332
0.137177
0.088583
0.877469
2.520295
0.077147
0.972955
0.255672
0.592120
0.462082
0.196492
0.956770
0.421624
1.075372
1.503189
0.003261
0.636579
0.326343
0.229837
0.052499
0.357231
0.415106
0.689059
0.028282
0.240066
0.583713
0.193293
0.010766
0.959155
1.101060
0.577524
0.441776
0.358760
0.974560
1.241462
0.424219
0.146110
0.202794
0.008123
0.831792
0.418865
0.234572
0.650675
0.861063
0.078984
0.536576
0.148096
0.755868
0.452599
0.320457
1.243844
0.590626
0.377787
0.408223
0.142099
0.105969
0.904297
0.289270
0.477545
0.879414
0.238121
0.281225
0.945522
0.187753
1.425365
1.426158
1.313055
0.423008
0.561368
0.156268
0.147829
0.017753
0.881012
0.339167
0.411827
0.045314
0.036012
0.574048
1.394401
0.021769
0.077093
0.011906
0.041088
0.453165
0.093415
0.022583
0.117609
0.064037
0.228004
0.456424
0.754555
0.673209
0.298000
0.701254
0.268925
0.428084
0.380360
0.139370
0.110364
0.034898
0.750158
0.508885
0.702496
0.779023
0.432268
1.161264
0.138041
0.524495
0.441149
0.316131
0.625901
1.126394
0.189600
0.367308
1.365946
0.850250
0.530499
0.462968
0.075831
0.427150
0.013439
0.145191
0.820011
0.012359
0.359574
0.718804
1.336144
2.196645
0.585531
0.782952
1.086909
0.904670
0.333129
1.238002
0.212548
0.861661
0.876588
0.881634
0.208202
0.021912
0.214372
0.184035
1.563432
0.314011
1.809196
0.503426
0.638983
1.139336
0.470653
0.457642
0.113513
0.190270
0.753177
0.726248
0.939392
0.326636
0.277729
0.074554
0.452109
0.109091
0.648772
1.139038
0.183220
0.101163
0.072644
0.218135
0.368582
1.202116
0.333337
0.755453
0.443255
0.200214
0.268821
0.160225
0.592819
1.253297
1.066536
0.192014
0.889707
1.193409
0.038280
0.096311
0.121251
0.075795
0.335572
0.776060
0.117493
0.285312
0.299859
0.212455
0.154935
1.049568
0.990898
0.084518
1.335041
1.454162
0.309938
2.131890
0.278421
0.996464
0.238072
0.391153
1.013546
0.055951
0.145762
0.125568
0.476871
0.293286
0.623718
0.821903
0.839829
0.300415
0.333843
0.147686
0.528211
1.029197
1.343934
0.142241
0.219814
0.694232
0.147542
0.498274
0.306913
0.673796
0.125097
0.289406
0.243258
0.337996
0.472691
0.495347
1.003795
0.371877
0.130872
0.104199
0.126078
0.343455
0.656484
0.774765
0.030402
0.154747
0.023142
0.474777
0.233889
0.542908
0.598545
0.396486
0.517874
0.229596
0.774478
0.218773
1.179817
0.853772
1.227763
0.009629
0.209361
0.370723
0.903460
1.175634
0.302339
0.637670
0.072327
1.055202
0.176073
0.723971
0.560431
0.034440
0.946231
0.087418
0.068375
0.245571
0.012954
0.511976
0.225986
0.381831
0.233402
0.115009
1.613914
0.386107
1.980513
0.363095
0.513253
0.458176
0.503217
0.413080
1.191090
0.191969
0.679406
3.262988
0.515515
2.221967
0.039500
0.033199
2.250012
0.060753
0.903646
0.334736
0.143358
0.830665
0.053364
0.167873
0.068008
0.125431
0.092570
0.962386
0.030272
0.520719
0.884669
0.162564
1.364542
0.342667
0.054707
0.134334
2.171369
0.707873
0.321646
0.286123
0.065566
0.063413
0.077841
1.705768
0.334587
0.262023
0.213717
0.331084
0.385678
0.341548
0.146948
0.495512
0.256844
0.201742
0.335452
0.447270
0.855205
0.156518
0.804978
0.126530
0.279114
0.186024
1.246237
0.466175
0.582000
0.319098
0.059909
0.323858
0.125509
1.060137
0.360326
0.276375
0.959466
0.781274
0.576701
0.152051
0.063725
0.088947
0.368582
0.321356
0.399972
1.623630
1.982923
0.083165
0.329902
0.876852
0.566695
0.199986
0.602297
0.171107
1.085168
0.051669
0.560431
0.090097
1.699334
0.299775
0.589335
0.175748
0.724036
0.125117
0.527334
0.180783
2.788448
0.023429
0.799890
0.331025
0.086565
0.690636
0.108616
0.381864
0.002785
0.030126
0.114088
0.133795
0.052279
0.030256
0.695947
0.735994
0.338326
0.166381
0.558469
0.877646
0.025400
0.976170
1.188125
0.070075
0.311785
0.460125
0.878883
0.436634
0.319416
0.329282
0.333992
0.516500
0.195048
0.213343
0.032547
0.071604
0.009707
0.194507
0.162396
0.043246
0.226706
0.788165
0.041685
0.855121
0.215310
0.234060
0.231847
1.263315
1.195238
0.724296
0.023365
0.114242
0.422902
1.229901
0.077111
0.264477
0.026863
0.238834
0.238121
0.643163
0.180389
0.181199
0.935810
0.803682
0.026107
1.196239
0.087291
0.300916
0.233305
1.203131
0.900679
0.528431
0.192462
0.725336
0.091414
3.317989
0.069391
0.086166
0.265955
0.188287
0.032645
0.484775
0.381897
0.373260
0.243307
0.619381
0.180892
0.335184
0.378209
0.508547
0.019336
1.128577
2.014495
0.717008
0.697054
1.487402
1.117330
0.916932
0.003876
1.373266
2.062150
0.317137
0.139370
0.228679
0.688394
0.450566
0.983534
0.913127
0.337966
0.349865
0.957598
0.158253
0.142099
0.128243
0.150111
0.566932
0.044496
0.634838
0.122595
0.068953
0.963328
0.716305
1.164857
0.027508
1.108989
1.635545
0.072327
0.401843
0.633969
0.766074
1.330653
0.986598
0.158840
2.372344
0.765862
0.500054
0.573279
0.279167
1.610079
0.103504
0.077948
0.378632
0.427294
0.249980
1.195238
0.335721
0.691243
0.198917
1.254609
0.295431
0.482687
0.237360
0.072468
0.545264
0.324237
1.373980
0.034734
0.021992
0.887452
0.216321
0.403106
1.220701
0.536531
0.168065
0.188732
0.342032
0.516972
0.072274
0.187864
1.481460
0.560759
0.555726
0.302702
0.251390
0.228992
0.413080
0.525018
0.941394
1.382146
1.291793
0.781056
0.279194
0.081007
0.414162
0.511170
0.787059
0.557119
0.031603
0.113858
0.095535
0.435977
0.229668
0.433029
1.340804
0.199122
0.024823
0.926379
0.017358
1.256300
0.923758
2.149551
0.229041
0.478657
0.602246
0.292081
0.164533
1.308019
1.416210
0.132202
0.159154
0.089093
0.596629
0.151184
0.131865
0.219885
0.173541
0.790829
0.067134
0.813214
0.653881
0.525891
0.404954
0.019051
1.190595
0.072256
0.039170
0.331469
0.735396
0.142120
0.586566
0.467883
0.002355
0.114088
0.279995
0.818597
0.313096
0.773688
0.257840
0.964692
1.836072
0.423756
0.153709
0.095683
0.533594
0.396553
0.305252
0.587602
0.306265
0.097756
0.094096
0.451431
0.011218
0.267412
0.270863
0.697361
0.403892
0.624782
0.058947
0.039533
0.956977
0.424647
0.432957
0.480130
0.082535
0.489749
0.261147
0.551892
1.394650
0.864749
0.004999
0.538050
0.245871
0.673738
0.970292
0.065270
0.451318
0.370627
0.660756
0.362307
0.129783
0.373807
1.766165
0.096034
0.808964
0.085206
0.013345
0.103560
0.095941
1.697056
0.205640
0.306518
0.325113
0.366100
0.935810
0.713881
0.050739
0.032303
0.056891
0.018892
1.030993
0.387463
0.239105
0.701502
0.105271
1.703000
0.472730
0.418160
0.044779
0.633373
0.640519
0.049558
0.029576
0.662016
0.049794
0.041237
0.622074
0.109489
0.559729
0.618644
1.241828
0.602959
0.436963
0.249954
0.472141
0.295045
0.551248
0.704366
1.335041
0.335840
1.012968
0.081348
0.811123
0.438281
0.866386
0.308550
0.549963
0.506316
0.490399
0.319502
0.331113
0.191096
0.061926
0.458252
0.566885
0.945118
0.519899
0.143541
0.097775
0.355643
0.578008
0.450716
0.117204
1.056084
0.116760
0.025448
2.876393
0.227812
0.145885
0.129803
0.014773
0.015969
0.407016
0.528255
0.022231
0.150008
0.570167
0.002478
0.246945
0.171989
0.370211
0.117995
1.304276
0.089366
0.510661
0.058810
0.055815
0.039996
0.150420
0.017168
0.259965
0.645155
0.270836
0.009863
0.717970
0.485299
0.055883
0.000687
0.088328
1.497058
0.919421
0.620594
0.024165
1.804666
0.426219
